# signed=True
# sigma	mae	rms	opt err	 opt fl
1.000000000000000021e-03 1.006830904399816706e+00 7.000000000000000000e+00
1.013925407558815411e-03 1.000442957464142690e+00 7.000000000000000000e+00
1.028044732093309679e-03 9.997164432115634991e-01 7.000000000000000000e+00
1.042360673976401152e-03 9.859877225157496206e-01 7.000000000000000000e+00
1.056875971184803890e-03 9.899535773629396518e-01 7.000000000000000000e+00
1.071593399822671090e-03 9.946275130403406939e-01 7.000000000000000000e+00
1.086515774652538433e-03 9.870601106633163369e-01 7.000000000000000000e+00
1.101645949633656921e-03 1.005323096855992304e+00 7.000000000000000000e+00
1.116986818467822530e-03 9.980509334933287402e-01 7.000000000000000000e+00
1.132541315152811546e-03 9.997606043369940965e-01 7.000000000000000000e+00
1.148312414543511137e-03 9.971786605450887464e-01 7.000000000000000000e+00
1.164303132920876775e-03 9.983973484807165955e-01 7.000000000000000000e+00
1.180516528568805639e-03 9.925843579129607352e-01 7.000000000000000000e+00
1.196955702359042868e-03 9.940532905213315118e-01 7.000000000000000000e+00
1.213623798344240588e-03 1.001607375714356429e+00 7.000000000000000000e+00
1.230524004359261634e-03 9.899347740655899397e-01 7.000000000000000000e+00
1.247659552630869806e-03 9.983395516951775184e-01 7.000000000000000000e+00
1.265033720395903781e-03 1.003355460247612685e+00 7.000000000000000000e+00
1.282649830528059809e-03 9.933977279737284949e-01 7.000000000000000000e+00
1.300511252173408528e-03 9.874603829654043929e-01 7.000000000000000000e+00
1.318621401394748458e-03 1.003748037320516984e+00 7.000000000000000000e+00
1.336983741824946661e-03 9.959972398137295624e-01 7.000000000000000000e+00
1.355601785329368925e-03 1.002200506994131546e+00 7.000000000000000000e+00
1.374479092677536717e-03 9.951759905165158404e-01 7.000000000000000000e+00
1.393619274224142113e-03 9.980296985436795110e-01 7.000000000000000000e+00
1.413025990599533653e-03 9.932088072970257642e-01 7.000000000000000000e+00
1.432702953409831009e-03 9.895952019535237953e-01 7.000000000000000000e+00
1.452653925946781202e-03 9.895377959064602935e-01 7.000000000000000000e+00
1.472882723907501879e-03 9.864508537023596313e-01 7.000000000000000000e+00
1.493393216124251719e-03 9.766133143824223817e-01 7.000000000000000000e+00
1.514189325304352018e-03 9.920423293851677871e-01 7.000000000000000000e+00
1.535275028780422714e-03 9.830279281854397144e-01 7.000000000000000000e+00
1.556654359271062099e-03 9.842600257032363409e-01 7.000000000000000000e+00
1.578331405652118108e-03 9.719656598575002748e-01 7.000000000000000000e+00
1.600310313738700137e-03 9.776556494612228532e-01 7.000000000000000000e+00
1.622595287078087110e-03 9.840988488498749742e-01 7.000000000000000000e+00
1.645190587753662514e-03 9.625631421122254894e-01 7.000000000000000000e+00
1.668100537200059227e-03 9.674062797714632067e-01 7.000000000000000000e+00
1.691329517029648791e-03 9.627664176871884028e-01 7.000000000000000000e+00
1.714881969870539046e-03 9.649972998534456226e-01 7.000000000000000000e+00
1.738762400216250364e-03 9.547674955645102379e-01 7.000000000000000000e+00
1.762975375287205784e-03 9.579903100930902138e-01 7.000000000000000000e+00
1.787525525904235402e-03 9.525851863351593174e-01 7.000000000000000000e+00
1.812417547374237711e-03 9.464687343970360489e-01 7.000000000000000000e+00
1.837656200388170478e-03 9.390737096444778942e-01 7.000000000000000000e+00
1.863246311931559835e-03 9.365985751732884834e-01 7.000000000000000000e+00
1.889192776207666326e-03 9.476301375661040360e-01 7.000000000000000000e+00
1.915500555573527823e-03 9.394853440795875033e-01 7.000000000000000000e+00
1.942174681489026522e-03 9.268043133740216932e-01 7.000000000000000000e+00
1.969220255479171497e-03 9.275907671860250669e-01 7.000000000000000000e+00
1.996642450109793483e-03 9.240735780560872525e-01 7.000000000000000000e+00
2.024446509976803900e-03 9.219190707898888837e-01 7.000000000000000000e+00
2.052637752709252084e-03 9.115384096824834526e-01 7.000000000000000000e+00
2.081221569986339229e-03 9.116703323600826581e-01 7.000000000000000000e+00
2.110203428568596575e-03 9.013572317632766451e-01 7.000000000000000000e+00
2.139588871343421454e-03 8.982477052322652700e-01 7.000000000000000000e+00
2.169383518385184159e-03 8.913182810785950094e-01 7.000000000000000000e+00
2.199593068030074750e-03 8.896927498786161292e-01 7.000000000000000000e+00
2.230223297965938743e-03 8.790195322243994358e-01 7.000000000000000000e+00
2.261280066337279480e-03 8.752803095009604739e-01 7.000000000000000000e+00
2.292769312865648810e-03 8.626534978794241360e-01 7.000000000000000000e+00
2.324697059985648094e-03 8.620633955646104241e-01 7.000000000000000000e+00
2.357069413996727789e-03 8.615376618148598009e-01 7.000000000000000000e+00
2.389892566231050126e-03 8.458075381380233404e-01 7.000000000000000000e+00
2.423172794237600514e-03 8.466793995586044952e-01 7.000000000000000000e+00
2.456916462982790088e-03 8.379492283118329388e-01 7.000000000000000000e+00
2.491130026067788373e-03 8.307266078526975850e-01 7.000000000000000000e+00
2.525820026962784671e-03 8.226938368922271927e-01 7.000000000000000000e+00
2.560993100258459210e-03 8.125576395824127829e-01 7.000000000000000000e+00
2.596655972934872221e-03 8.093285386814814686e-01 7.000000000000000000e+00
2.632815465648019864e-03 8.050281183192113943e-01 7.000000000000000000e+00
2.669478494034320699e-03 7.920940048327161920e-01 7.000000000000000000e+00
2.706652070033241288e-03 7.877270747168836351e-01 7.000000000000000000e+00
2.744343303228365376e-03 7.748034883333860812e-01 7.000000000000000000e+00
2.782559402207125665e-03 7.696217752252245692e-01 7.000000000000000000e+00
2.821307675939470957e-03 7.666900536200267346e-01 7.000000000000000000e+00
2.860595535175741895e-03 7.549334367104829635e-01 7.000000000000000000e+00
2.900430493863991651e-03 7.464173170322462303e-01 7.000000000000000000e+00
2.940820170587063812e-03 7.340258313515647393e-01 7.000000000000000000e+00
2.981772290019673362e-03 7.272411131813236729e-01 7.000000000000000000e+00
3.023294684405776565e-03 7.164588950255830202e-01 7.000000000000000000e+00
3.065395295056526793e-03 7.134569052089855257e-01 7.000000000000000000e+00
3.108082173869063970e-03 7.020651013000708263e-01 7.000000000000000000e+00
3.151363484866479339e-03 7.041057176008823637e-01 7.000000000000000000e+00
3.195247505759213607e-03 6.866593521686918944e-01 7.000000000000000000e+00
3.239742629528195514e-03 6.896285042449549207e-01 7.000000000000000000e+00
3.284857366030043482e-03 6.792522527222106810e-01 7.000000000000000000e+00
3.330600343624588386e-03 6.672826435541687751e-01 7.000000000000000000e+00
3.376980310825091272e-03 6.550459672404689293e-01 7.000000000000000000e+00
3.424006137971425789e-03 6.504899584186274453e-01 7.000000000000000000e+00
3.471686818926559247e-03 6.401239843885062619e-01 7.000000000000000000e+00
3.520031472796678832e-03 6.340574904119549160e-01 7.000000000000000000e+00
3.569049345675229679e-03 6.302265809572175081e-01 7.000000000000000000e+00
3.618749812411280273e-03 6.199580762419120150e-01 7.000000000000000000e+00
3.669142378402494038e-03 6.115511652302877410e-01 7.000000000000000000e+00
3.720236681413065759e-03 6.009178206547625134e-01 7.000000000000000000e+00
3.772042493416997554e-03 5.898907134470792180e-01 7.000000000000000000e+00
3.824569722466999305e-03 5.874727995267673419e-01 7.000000000000000000e+00
3.877828414589457214e-03 5.834190085561398176e-01 7.000000000000000000e+00
3.931828755705770589e-03 5.703225445403183880e-01 7.000000000000000000e+00
3.986581073580438943e-03 5.577551181866945429e-01 7.000000000000000000e+00
4.042095839796306170e-03 5.515539346815888644e-01 7.000000000000000000e+00
4.098383671757261509e-03 5.488782968816718899e-01 7.000000000000000000e+00
4.155455334718875619e-03 5.400470678182228701e-01 7.000000000000000000e+00
4.213321743847289226e-03 5.353152263939305877e-01 7.000000000000000000e+00
4.271993966306776754e-03 5.299606692562137678e-01 7.000000000000000000e+00
4.331483223376398663e-03 5.189299141155511164e-01 7.000000000000000000e+00
4.391800892596085977e-03 5.112971167760296254e-01 7.000000000000000000e+00
4.452958509942655727e-03 5.036853885143643961e-01 7.000000000000000000e+00
4.514967772036101654e-03 5.006246585993502363e-01 7.000000000000000000e+00
4.577840538376616412e-03 4.954574177963840254e-01 7.000000000000000000e+00
4.641588833612777208e-03 4.858248872642723648e-01 7.000000000000000000e+00
4.706224849841281720e-03 4.775425701482706176e-01 7.000000000000000000e+00
4.771760948938746048e-03 4.744778832627444265e-01 7.000000000000000000e+00
4.838209664925957609e-03 4.660612757350603430e-01 7.000000000000000000e+00
4.905583706365045267e-03 4.576913734501585895e-01 7.000000000000000000e+00
4.973895958790062848e-03 4.551140997786671250e-01 7.000000000000000000e+00
5.043159487171358993e-03 4.459385151880440046e-01 7.000000000000000000e+00
5.113387538414325764e-03 4.419136202784981760e-01 7.000000000000000000e+00
5.184593543892912840e-03 4.332936504556963442e-01 7.000000000000000000e+00
5.256791122018419048e-03 4.274661872720283973e-01 7.000000000000000000e+00
5.329994080844087725e-03 4.258254634138584627e-01 7.000000000000000000e+00
5.404216420705915298e-03 4.171612366345683331e-01 7.000000000000000000e+00
5.479472336900287170e-03 4.140332175393285907e-01 7.000000000000000000e+00
5.555776222398878077e-03 4.071477697703476673e-01 7.000000000000000000e+00
5.633142670601352063e-03 4.022760316863218666e-01 7.000000000000000000e+00
5.711586478126434545e-03 3.977779341036271621e-01 7.000000000000000000e+00
5.791122647641758041e-03 3.910125812320180971e-01 7.000000000000000000e+00
5.871766390733255264e-03 3.859677318573135896e-01 7.000000000000000000e+00
5.953533130814370189e-03 3.785167867129522468e-01 7.000000000000000000e+00
6.036438506075864248e-03 3.761020845973579441e-01 7.000000000000000000e+00
6.120498372476702517e-03 3.678142390692403230e-01 7.000000000000000000e+00
6.205728806776500406e-03 3.657635534171117531e-01 7.000000000000000000e+00
6.292146109610343568e-03 3.600946280910348185e-01 7.000000000000000000e+00
6.379766808606282015e-03 3.547572422575018258e-01 7.000000000000000000e+00
6.468607661546327617e-03 3.476775564527420093e-01 7.000000000000000000e+00
6.558685659571435525e-03 3.440877704134711612e-01 7.000000000000000000e+00
6.650018030431118291e-03 3.383876727796517048e-01 7.000000000000000000e+00
6.742622241778342337e-03 3.339996840230063935e-01 7.000000000000000000e+00
6.836516004510238484e-03 3.318696813479786178e-01 7.000000000000000000e+00
6.931717276155407136e-03 3.266984578925658522e-01 7.000000000000000000e+00
7.028244264308352446e-03 3.218388124728405741e-01 7.000000000000000000e+00
7.126115430111745405e-03 3.168173435885570099e-01 7.000000000000000000e+00
7.225349491787214085e-03 3.094433287391556986e-01 7.000000000000000000e+00
7.325965428215230023e-03 3.074325537821974708e-01 7.000000000000000000e+00
7.427982482564918221e-03 3.047059765470102044e-01 7.000000000000000000e+00
7.531420165974375344e-03 2.967235094832047504e-01 7.000000000000000000e+00
7.636298261282242067e-03 2.965987960975887128e-01 7.000000000000000000e+00
7.742636826811269413e-03 2.923307240039955679e-01 7.000000000000000000e+00
7.850456200204509669e-03 2.867341177920263995e-01 7.000000000000000000e+00
7.959777002314986222e-03 2.826047754972875747e-01 7.000000000000000000e+00
8.070620141149507584e-03 2.798759943401011308e-01 7.000000000000000000e+00
8.183006815867388886e-03 2.747403056064703364e-01 7.000000000000000000e+00
8.296958520834906564e-03 2.714210850579621970e-01 7.000000000000000000e+00
8.412497049736117685e-03 2.674898592822470000e-01 7.000000000000000000e+00
8.529644499741025759e-03 2.651718553868747663e-01 7.000000000000000000e+00
8.648423275731726215e-03 2.614799575794157227e-01 7.000000000000000000e+00
8.768856094587426653e-03 2.581011340076109217e-01 7.000000000000000000e+00
8.890965989529158939e-03 2.548884456156642053e-01 7.000000000000000000e+00
9.014776314524916914e-03 2.518027999722984855e-01 7.000000000000000000e+00
9.140310748756232812e-03 2.484399126314346118e-01 7.000000000000000000e+00
9.267593301146882789e-03 2.434346806013055198e-01 7.000000000000000000e+00
9.396648314954691300e-03 2.385980962828510854e-01 7.000000000000000000e+00
9.527500472427289507e-03 2.368350270069959351e-01 7.000000000000000000e+00
9.660174799522646544e-03 2.333258861993303124e-01 7.000000000000000000e+00
9.794696670695395360e-03 2.295326624514388292e-01 7.000000000000000000e+00
9.931091813749801447e-03 2.260019192285571410e-01 7.000000000000000000e+00
1.006938631476027649e-02 2.234169445575706070e-01 7.000000000000000000e+00
1.020960662306046561e-02 2.200817773323652804e-01 7.000000000000000000e+00
1.035177955630176179e-02 2.180077490795266359e-01 7.000000000000000000e+00
1.049593230558227772e-02 2.132146903999276588e-01 7.000000000000000000e+00
1.064209244064724148e-02 2.120802299562185023e-01 7.000000000000000000e+00
1.079028791516184124e-02 2.095792659695718263e-01 7.000000000000000000e+00
1.094054707205742438e-02 2.076811703768452200e-01 7.000000000000000000e+00
1.109289864895222737e-02 2.026394714599708269e-01 7.000000000000000000e+00
1.124737178364751920e-02 1.999904172514805623e-01 7.000000000000000000e+00
1.140399601970032428e-02 1.981146550102987347e-01 7.000000000000000000e+00
1.156280131207376022e-02 1.960739284234037649e-01 7.000000000000000000e+00
1.172381803286598467e-02 1.926376780052869164e-01 7.000000000000000000e+00
1.188707697711903315e-02 1.896965558440094346e-01 7.000000000000000000e+00
1.205260936870842549e-02 1.856417845195657279e-01 7.000000000000000000e+00
1.222044686631488034e-02 1.846695136552135574e-01 7.000000000000000000e+00
1.239062156947916271e-02 1.833481506582844422e-01 7.000000000000000000e+00
1.256316602474120796e-02 1.793866508792268388e-01 7.000000000000000000e+00
1.273811323186478488e-02 1.775458925957937861e-01 7.000000000000000000e+00
1.291549665014883955e-02 1.758437263666433603e-01 7.000000000000000000e+00
1.309535020482666991e-02 1.723757272459711665e-01 7.000000000000000000e+00
1.327770829355429810e-02 1.702943016874513271e-01 7.000000000000000000e+00
1.346260579298910395e-02 1.676983529808908635e-01 7.000000000000000000e+00
1.365007806546013856e-02 1.644186628884200807e-01 7.000000000000000000e+00
1.384016096573131502e-02 1.629135970383029375e-01 7.000000000000000000e+00
1.403289084785872519e-02 1.608670677647035807e-01 7.000000000000000000e+00
1.422830457214352591e-02 1.590834005342747770e-01 7.000000000000000000e+00
1.442643951218158110e-02 1.569641033865655233e-01 7.000000000000000000e+00
1.462733356201129965e-02 1.537787551552812493e-01 7.000000000000000000e+00
1.483102514336104467e-02 1.514405515292665816e-01 7.000000000000000000e+00
1.503755321299737706e-02 1.499775099802387324e-01 7.000000000000000000e+00
1.524695727017573790e-02 1.486139014886901644e-01 7.000000000000000000e+00
1.545927736419477720e-02 1.454475997744114624e-01 7.000000000000000000e+00
1.567455410205595076e-02 1.451020273278466333e-01 7.000000000000000000e+00
1.589282865622978005e-02 1.413507789133841563e-01 7.000000000000000000e+00
1.611414277253019056e-02 1.393555372899147049e-01 7.000000000000000000e+00
1.633853877809861299e-02 1.382719158335402321e-01 7.000000000000000000e+00
1.656605958949914498e-02 1.353903228375115675e-01 7.000000000000000000e+00
1.679674872092653051e-02 1.341476898517575955e-01 7.000000000000000000e+00
1.703065029252844378e-02 1.316564583963801272e-01 7.000000000000000000e+00
1.726780903884355886e-02 1.301043777308252825e-01 7.000000000000000000e+00
1.750827031735724404e-02 1.281524563487684565e-01 7.000000000000000000e+00
1.775208011717635190e-02 1.275536984664326079e-01 7.000000000000000000e+00
1.799928506782476345e-02 1.246354005476154325e-01 7.000000000000000000e+00
1.824993244816152521e-02 1.243989282644904493e-01 7.000000000000000000e+00
1.850407019542302245e-02 1.208319000508427110e-01 7.000000000000000000e+00
1.876174691439120440e-02 1.203396523345039992e-01 7.000000000000000000e+00
1.902301188668944695e-02 1.174464694874220588e-01 7.000000000000000000e+00
1.928791508020777715e-02 1.172908312044303181e-01 7.000000000000000000e+00
1.955650715865949255e-02 1.151230012734250768e-01 7.000000000000000000e+00
1.982883949127071249e-02 1.129526629055257747e-01 7.000000000000000000e+00
2.010496416260498104e-02 1.121425239855099731e-01 7.000000000000000000e+00
2.038493398252463201e-02 1.108577658257131060e-01 7.000000000000000000e+00
2.066880249629082095e-02 1.087812644717182642e-01 7.000000000000000000e+00
2.095662399480432980e-02 1.078302117140052668e-01 7.000000000000000000e+00
2.124845352498882720e-02 1.063998779261618038e-01 7.000000000000000000e+00
2.154434690031883232e-02 1.053408134690466541e-01 7.000000000000000000e+00
2.184436071149427339e-02 1.038959177578715476e-01 7.000000000000000000e+00
2.214855233726359396e-02 1.021248487878721745e-01 7.000000000000000000e+00
2.245697995539773853e-02 1.000032145770320680e-01 7.000000000000000000e+00
2.276970255381680075e-02 9.975415544431463777e-02 7.000000000000000000e+00
2.308677994187168653e-02 9.769994190214759122e-02 7.000000000000000000e+00
2.340827276178293267e-02 9.656908310092476855e-02 7.000000000000000000e+00
2.373424250023867602e-02 9.466508428558645383e-02 7.000000000000000000e+00
2.406475150015424322e-02 9.315831208575629796e-02 7.000000000000000000e+00
2.439986297259550199e-02 9.200252355185452313e-02 7.000000000000000000e+00
2.473964100886812817e-02 9.149097289781497888e-02 7.000000000000000000e+00
2.508415059277539771e-02 8.990221374323133230e-02 7.000000000000000000e+00
2.543345761304649510e-02 8.851134284095997506e-02 7.000000000000000000e+00
2.578762887593800956e-02 8.792563054256880006e-02 7.000000000000000000e+00
2.614673211801091940e-02 8.659780405374904733e-02 7.000000000000000000e+00
2.651083601908537507e-02 8.484440925255977428e-02 7.000000000000000000e+00
2.688001021537606006e-02 8.323293190055977564e-02 7.000000000000000000e+00
2.725432531281029094e-02 8.258165723919116963e-02 7.000000000000000000e+00
2.763385290053169824e-02 8.180740288729146381e-02 7.000000000000000000e+00
2.801866556459195468e-02 8.050592498789790885e-02 7.000000000000000000e+00
2.840883690183302474e-02 7.973513641470456048e-02 7.000000000000000000e+00
2.880444153396296419e-02 7.793626012245165324e-02 7.000000000000000000e+00
2.920555512182746588e-02 7.710279896538518862e-02 7.000000000000000000e+00
2.961225437988034351e-02 7.658004537611036444e-02 7.000000000000000000e+00
3.002461709085549324e-02 7.494755350858615939e-02 7.000000000000000000e+00
3.044272212064302874e-02 7.433794359504808380e-02 7.000000000000000000e+00
3.086664943337272954e-02 7.338466149965880425e-02 7.000000000000000000e+00
3.129648010670751934e-02 7.216753505320787354e-02 7.000000000000000000e+00
3.173229634734976018e-02 7.120155068413552835e-02 7.000000000000000000e+00
3.217418150676371741e-02 7.002963366903998399e-02 7.000000000000000000e+00
3.262222009711669701e-02 6.923554869458561911e-02 7.000000000000000000e+00
3.307649780744240792e-02 6.797021478428913466e-02 7.000000000000000000e+00
3.353710152002930406e-02 6.755322007921303606e-02 7.000000000000000000e+00
3.400411932703706341e-02 6.623408648421627576e-02 7.000000000000000000e+00
3.447764054734463873e-02 6.521818058774139781e-02 7.000000000000000000e+00
3.495775574363275268e-02 6.432279381761533965e-02 7.000000000000000000e+00
3.544455673970433457e-02 6.400245747878430258e-02 7.000000000000000000e+00
3.593813663804627800e-02 6.265040515050222802e-02 7.000000000000000000e+00
3.643858983763544751e-02 6.232644963612822553e-02 7.000000000000000000e+00
3.694601205199302130e-02 6.131981000072495025e-02 7.000000000000000000e+00
3.746050032748993175e-02 6.009778537240206830e-02 7.000000000000000000e+00
3.798215306190734497e-02 5.920705320840349839e-02 7.000000000000000000e+00
3.851107002325571127e-02 5.870109995940378522e-02 7.000000000000000000e+00
3.904735236885559929e-02 5.783397571729174264e-02 7.000000000000000000e+00
3.959110266468458816e-02 5.730233721586142775e-02 7.000000000000000000e+00
4.014242490499322219e-02 5.663782088793165720e-02 7.000000000000000000e+00
4.070142453219436490e-02 5.535764582848134996e-02 7.000000000000000000e+00
4.126820845702953988e-02 5.490272997348599054e-02 7.000000000000000000e+00
4.184288507901582493e-02 5.397525744031388822e-02 7.000000000000000000e+00
4.242556430717776828e-02 5.309380467269957798e-02 7.000000000000000000e+00
4.301635758106794882e-02 5.229913561529146021e-02 7.000000000000000000e+00
4.361537789208003169e-02 5.160314992555800617e-02 7.000000000000000000e+00
4.422273980505899565e-02 5.096239112123069487e-02 7.000000000000000000e+00
4.483855948021188420e-02 5.029390273421170676e-02 7.000000000000000000e+00
4.546295469532399269e-02 4.971112824346811399e-02 7.000000000000000000e+00
4.609604486828433600e-02 4.898805520944583825e-02 7.000000000000000000e+00
4.673795107992460840e-02 4.824327769966769291e-02 7.000000000000000000e+00
4.738879609717653457e-02 4.736797726285025406e-02 7.000000000000000000e+00
4.804870439655131720e-02 4.711753386372742602e-02 7.000000000000000000e+00
4.871780218794630885e-02 4.666728722350157316e-02 7.000000000000000000e+00
4.939621743878321036e-02 4.588531006765268760e-02 7.000000000000000000e+00
5.008407989848209785e-02 4.501414700597410751e-02 7.000000000000000000e+00
5.078152112327673218e-02 4.461507146346319758e-02 7.000000000000000000e+00
5.148867450137494667e-02 4.371621556806781078e-02 7.000000000000000000e+00
5.220567527846975420e-02 4.315566722173787284e-02 7.000000000000000000e+00
5.293266058360561466e-02 4.278315694644159450e-02 7.000000000000000000e+00
5.366976945540476163e-02 4.192801403490820089e-02 7.000000000000000000e+00
5.441714286865890343e-02 4.125719224433017224e-02 7.000000000000000000e+00
5.517492376129125992e-02 4.097383395354875502e-02 7.000000000000000000e+00
5.594325706169377826e-02 4.048899798259815441e-02 7.000000000000000000e+00
5.672228971644543288e-02 3.985428640634025577e-02 7.000000000000000000e+00
5.751217071841613349e-02 3.930300389366974539e-02 7.000000000000000000e+00
5.831305113526221579e-02 3.870836664174476249e-02 7.000000000000000000e+00
5.912508413831878140e-02 3.820128607592927772e-02 7.000000000000000000e+00
5.994842503189409116e-02 3.754092518742451617e-02 7.000000000000000000e+00
6.078323128297229844e-02 3.696061764233121022e-02 7.000000000000000000e+00
6.162966255132942134e-02 3.646908324973958948e-02 7.000000000000000000e+00
6.248788072006890987e-02 3.603012275065444608e-02 7.000000000000000000e+00
6.335804992658250478e-02 3.570084394896690799e-02 7.000000000000000000e+00
6.424033659394190465e-02 3.510905921306157335e-02 7.000000000000000000e+00
6.513490946272802729e-02 3.465583230296304801e-02 7.000000000000000000e+00
6.604193962330305590e-02 3.435647544478766940e-02 7.000000000000000000e+00
6.696160054853218802e-02 3.376759849072647618e-02 7.000000000000000000e+00
6.789406812696109628e-02 3.320535373870741463e-02 7.000000000000000000e+00
6.883952069645496441e-02 3.308857935265276801e-02 7.000000000000000000e+00
6.979813907830660635e-02 3.204430035098616153e-02 7.000000000000000000e+00
7.077010661181890039e-02 3.167043834321671414e-02 7.000000000000000000e+00
7.175560918936924049e-02 3.127977906718548695e-02 7.000000000000000000e+00
7.275483529196229149e-02 3.104352391660096522e-02 7.000000000000000000e+00
7.376797602527734865e-02 3.046458412783978331e-02 7.000000000000000000e+00
7.479522515621821188e-02 3.026378645771996695e-02 7.000000000000000000e+00
7.583677914997190295e-02 2.962214037830856669e-02 7.000000000000000000e+00
7.689283720758309515e-02 2.965703382910301472e-02 7.000000000000000000e+00
7.796360130405233235e-02 2.889511701980872552e-02 7.000000000000000000e+00
7.904927622696424072e-02 2.861694574324046350e-02 7.000000000000000000e+00
8.015006961565404597e-02 2.839923350371367436e-02 7.000000000000000000e+00
8.126619200091945994e-02 2.794313312688284992e-02 7.000000000000000000e+00
8.239785684528515286e-02 2.721377132680461580e-02 7.000000000000000000e+00
8.354528058382866551e-02 2.691214152293512629e-02 7.000000000000000000e+00
8.470868266557406157e-02 2.656103228293125312e-02 7.000000000000000000e+00
8.588828559546249353e-02 2.649286027400122798e-02 7.000000000000000000e+00
8.708431497690724554e-02 2.609895236244354905e-02 7.000000000000000000e+00
8.829699955494087205e-02 2.556254795170122968e-02 7.000000000000000000e+00
8.952657125996396625e-02 2.508402958972310789e-02 7.000000000000000000e+00
9.077326525210228925e-02 2.478948601733241622e-02 7.000000000000000000e+00
9.203731996618221001e-02 2.462528119617481831e-02 7.000000000000000000e+00
9.331897715733239451e-02 2.435645459856716419e-02 7.000000000000000000e+00
9.461848194721997340e-02 2.387577514527470732e-02 7.000000000000000000e+00
9.593608287093141618e-02 2.346452105959690240e-02 7.000000000000000000e+00
9.727203192450542546e-02 2.322672166481234285e-02 7.000000000000000000e+00
9.862658461312820424e-02 2.282011059289625401e-02 7.000000000000000000e+00
1.000000000000000056e-01 2.266535573740525999e-02 7.000000000000000000e+00
1.013925407558815273e-01 2.219214538826030925e-02 7.000000000000000000e+00
1.028044732093309765e-01 2.185099277841656348e-02 7.000000000000000000e+00
1.042360673976401170e-01 2.176843789932715253e-02 7.000000000000000000e+00
1.056875971184804003e-01 2.122543089371718705e-02 7.000000000000000000e+00
1.071593399822671072e-01 2.098164074562525183e-02 7.000000000000000000e+00
1.086515774652538346e-01 2.066131920688497187e-02 7.000000000000000000e+00
1.101645949633656973e-01 2.059137702207845116e-02 7.000000000000000000e+00
1.116986818467822634e-01 2.018244812557997911e-02 7.000000000000000000e+00
1.132541315152811451e-01 1.994261181161682828e-02 7.000000000000000000e+00
1.148312414543511129e-01 1.978856906075879621e-02 7.000000000000000000e+00
1.164303132920876810e-01 1.927261002661716585e-02 7.000000000000000000e+00
1.180516528568805595e-01 1.912529200278672431e-02 7.000000000000000000e+00
1.196955702359042834e-01 1.893540257789178352e-02 7.000000000000000000e+00
1.213623798344240501e-01 1.857020943619905676e-02 7.000000000000000000e+00
1.230524004359261625e-01 1.840159016772866321e-02 7.000000000000000000e+00
1.247659552630869806e-01 1.814135662072132588e-02 7.000000000000000000e+00
1.265033720395903893e-01 1.775126533446366381e-02 7.000000000000000000e+00
1.282649830528059809e-01 1.760359958067286498e-02 7.000000000000000000e+00
1.300511252173408572e-01 1.733999672034931480e-02 7.000000000000000000e+00
1.318621401394748371e-01 1.711761073359192864e-02 7.000000000000000000e+00
1.336983741824946670e-01 1.685756419209443954e-02 7.000000000000000000e+00
1.355601785329368925e-01 1.656060639895639425e-02 7.000000000000000000e+00
1.374479092677536596e-01 1.642023624044691710e-02 7.000000000000000000e+00
1.393619274224142113e-01 1.622874767497224299e-02 7.000000000000000000e+00
1.413025990599533765e-01 1.596996370994097081e-02 7.000000000000000000e+00
1.432702953409830948e-01 1.579556311320358744e-02 7.000000000000000000e+00
1.452653925946781333e-01 1.553488320169320487e-02 7.000000000000000000e+00
1.472882723907501801e-01 1.527686703745669179e-02 7.000000000000000000e+00
1.493393216124251910e-01 1.506520212256990364e-02 7.000000000000000000e+00
1.514189325304352018e-01 1.501851196695949166e-02 7.000000000000000000e+00
1.535275028780422601e-01 1.471582747559555676e-02 7.000000000000000000e+00
1.556654359271062160e-01 1.454396787873220645e-02 7.000000000000000000e+00
1.578331405652118047e-01 1.419471108524161286e-02 7.000000000000000000e+00
1.600310313738700085e-01 1.402749431265199083e-02 7.000000000000000000e+00
1.622595287078087145e-01 1.382561619881650036e-02 7.000000000000000000e+00
1.645190587753662392e-01 1.377378585712824531e-02 7.000000000000000000e+00
1.668100537200059019e-01 1.362184801069872900e-02 7.000000000000000000e+00
1.691329517029648843e-01 1.331624504113441618e-02 7.000000000000000000e+00
1.714881969870539202e-01 1.309127396550558743e-02 7.000000000000000000e+00
1.738762400216250503e-01 1.295611417896020030e-02 7.000000000000000000e+00
1.762975375287205715e-01 1.283212063623687289e-02 7.000000000000000000e+00
1.787525525904235524e-01 1.257538394089996805e-02 7.000000000000000000e+00
1.812417547374237659e-01 1.247657216323629775e-02 7.000000000000000000e+00
1.837656200388170513e-01 1.223309655595216511e-02 7.000000000000000000e+00
1.863246311931559818e-01 1.203094198031760299e-02 7.000000000000000000e+00
1.889192776207666291e-01 1.195509678118194738e-02 7.000000000000000000e+00
1.915500555573527997e-01 1.171403373169889461e-02 7.000000000000000000e+00
1.942174681489026444e-01 1.158419611520073930e-02 7.000000000000000000e+00
1.969220255479171566e-01 1.147259144723602152e-02 7.000000000000000000e+00
1.996642450109793465e-01 1.129141642303184423e-02 7.000000000000000000e+00
2.024446509976803865e-01 1.110146656364880031e-02 7.000000000000000000e+00
2.052637752709252084e-01 1.095131606863145035e-02 7.000000000000000000e+00
2.081221569986339281e-01 1.079472910958474696e-02 7.000000000000000000e+00
2.110203428568594441e-01 1.069881349730995510e-02 7.000000000000000000e+00
2.139588871343421628e-01 1.057131026280448520e-02 7.000000000000000000e+00
2.169383518385184229e-01 1.037222019839780136e-02 7.000000000000000000e+00
2.199593068030074872e-01 1.019277640049802772e-02 7.000000000000000000e+00
2.230223297965938656e-01 1.017075146938049846e-02 7.000000000000000000e+00
2.261280066337277295e-01 1.000212654973285827e-02 7.000000000000000000e+00
2.292769312865648723e-01 9.818174870292923490e-03 7.000000000000000000e+00
2.324697059985647851e-01 9.741562164457359674e-03 7.000000000000000000e+00
2.357069413996727703e-01 9.564275672754880137e-03 7.000000000000000000e+00
2.389892566231050230e-01 9.368816724435432078e-03 7.000000000000000000e+00
2.423172794237598293e-01 9.245449607803862130e-03 7.000000000000000000e+00
2.456916462982789984e-01 9.158863853880492081e-03 7.000000000000000000e+00
2.491130026067788494e-01 9.075955630239431957e-03 7.000000000000000000e+00
2.525820026962784515e-01 8.965412018649726589e-03 7.000000000000000000e+00
2.560993100258459609e-01 1.261649147646409438e-02 7.000000000000000000e+00
2.596655972934869827e-01 9.844663746062427140e-03 7.000000000000000000e+00
2.632815465648020159e-01 8.600974337272212708e-03 7.000000000000000000e+00
2.669478494034320804e-01 1.118445868941357786e-02 7.000000000000000000e+00
2.706652070033241375e-01 9.037679197757546301e-03 7.000000000000000000e+00
2.744343303228365394e-01 8.262026836401568236e-03 7.000000000000000000e+00
2.782559402207125943e-01 9.900899848711550155e-03 7.000000000000000000e+00
2.821307675939470627e-01 8.184698310616807249e-03 7.000000000000000000e+00
2.860595535175741722e-01 8.120096758577574278e-03 7.000000000000000000e+00
2.900430493863991877e-01 1.412320207732388130e-02 7.000000000000000000e+00
2.940820170587063465e-01 8.880759688784770761e-03 7.000000000000000000e+00
2.981772290019673588e-01 1.089960089900724252e-02 7.000000000000000000e+00
3.023294684405776200e-01 1.492631517801090366e-02 6.000000000000000000e+00
3.065395295056526637e-01 1.133806679108956793e-02 7.000000000000000000e+00
3.108082173869063936e-01 1.439470002411133431e-02 7.000000000000000000e+00
3.151363484866479547e-01 1.430825756911229853e-02 6.000000000000000000e+00
3.195247505759213347e-01 1.421385684385753634e-02 6.000000000000000000e+00
3.239742629528195583e-01 1.388767120103188805e-02 6.000000000000000000e+00
3.284857366030043413e-01 1.373399923877553080e-02 6.000000000000000000e+00
3.330600343624588455e-01 1.359468423042347468e-02 6.000000000000000000e+00
3.376980310825091203e-01 1.328616096232151933e-02 6.000000000000000000e+00
3.424006137971425390e-01 1.320432703092792696e-02 6.000000000000000000e+00
3.471686818926559281e-01 1.298921304450544045e-02 6.000000000000000000e+00
3.520031472796679162e-01 1.288501594396559979e-02 6.000000000000000000e+00
3.569049345675229801e-01 1.254524709879847356e-02 6.000000000000000000e+00
3.618749812411280464e-01 1.255185225192628762e-02 6.000000000000000000e+00
3.669142378402494020e-01 1.222980422454599155e-02 6.000000000000000000e+00
3.720236681413066071e-01 1.212021938751418025e-02 6.000000000000000000e+00
3.772042493416997710e-01 1.201886803270724342e-02 6.000000000000000000e+00
3.824569722466998889e-01 1.180684745858057855e-02 6.000000000000000000e+00
3.877828414589457595e-01 1.163191466369264092e-02 6.000000000000000000e+00
3.931828755705770173e-01 1.148760259907667149e-02 6.000000000000000000e+00
3.986581073580438561e-01 1.134648205072392654e-02 6.000000000000000000e+00
4.042095839796305823e-01 1.125523613141898860e-02 6.000000000000000000e+00
4.098383671757261371e-01 1.112147305232564012e-02 6.000000000000000000e+00
4.155455334718875515e-01 1.087496148865813896e-02 6.000000000000000000e+00
4.213321743847289191e-01 1.065372203210420213e-02 6.000000000000000000e+00
4.271993966306776858e-01 1.053813293604064991e-02 6.000000000000000000e+00
4.331483223376398350e-01 1.036900990646067583e-02 6.000000000000000000e+00
4.391800892596086081e-01 1.031752013299281831e-02 6.000000000000000000e+00
4.452958509942655518e-01 1.010463049231192720e-02 6.000000000000000000e+00
4.514967772036102001e-01 9.973237864826635032e-03 6.000000000000000000e+00
4.577840538376616308e-01 9.847575823930556499e-03 6.000000000000000000e+00
4.641588833612777520e-01 9.755787995034039678e-03 6.000000000000000000e+00
4.706224849841281754e-01 9.656424304083255361e-03 6.000000000000000000e+00
4.771760948938745805e-01 9.441436765124518529e-03 6.000000000000000000e+00
4.838209664925957054e-01 9.340935270995154999e-03 6.000000000000000000e+00
4.905583706365045371e-01 9.216112916619575643e-03 6.000000000000000000e+00
4.973895958790062743e-01 9.121696182537138500e-03 6.000000000000000000e+00
5.043159487171359201e-01 9.758767472164810511e-03 6.000000000000000000e+00
5.113387538414325695e-01 8.988430052511653390e-03 6.000000000000000000e+00
5.184593543892912493e-01 8.740757893169397857e-03 6.000000000000000000e+00
5.256791122018424911e-01 1.102417230801095924e-02 6.000000000000000000e+00
5.329994080844088211e-01 8.535069950401003719e-03 6.000000000000000000e+00
5.404216420705915125e-01 1.324354995683135923e-02 6.000000000000000000e+00
5.479472336900287344e-01 8.552681341820900923e-03 6.000000000000000000e+00
5.555776222398878250e-01 8.529268545404601262e-03 6.000000000000000000e+00
5.633142670601357649e-01 8.050465883468102199e-03 6.000000000000000000e+00
5.711586478126429167e-01 1.581263489487133925e-02 5.000000000000000000e+00
5.791122647641758769e-01 7.768841749868022999e-03 6.000000000000000000e+00
5.871766390733255125e-01 1.540913096349255315e-02 5.000000000000000000e+00
5.953533130814370189e-01 1.312723024450309847e-02 6.000000000000000000e+00
6.036438506075869626e-01 1.497045479723244782e-02 5.000000000000000000e+00
6.120498372476697035e-01 9.464384428225072754e-03 6.000000000000000000e+00
6.205728806776500406e-01 1.458732136066324264e-02 5.000000000000000000e+00
6.292146109610343707e-01 1.330751189263423839e-02 6.000000000000000000e+00
6.379766808606281980e-01 1.417529939604156297e-02 5.000000000000000000e+00
6.468607661546327270e-01 1.403240434377581343e-02 5.000000000000000000e+00
6.558685659571428239e-01 1.375386832301882765e-02 5.000000000000000000e+00
6.650018030431118499e-01 1.363422333654530812e-02 5.000000000000000000e+00
6.742622241778342129e-01 1.333157611961667890e-02 5.000000000000000000e+00
6.836516004510237998e-01 1.320667884354720899e-02 5.000000000000000000e+00
6.931717276155406893e-01 1.303846218285192871e-02 5.000000000000000000e+00
7.028244264308345368e-01 1.292041445631597271e-02 5.000000000000000000e+00
7.126115430111745752e-01 1.270844994092988275e-02 5.000000000000000000e+00
7.225349491787214085e-01 1.251457951709062516e-02 5.000000000000000000e+00
7.325965428215229780e-01 1.234877432091790496e-02 5.000000000000000000e+00
7.427982482564918776e-01 1.209093383002178210e-02 5.000000000000000000e+00
7.531420165974368475e-01 1.196490221663827104e-02 5.000000000000000000e+00
7.636298261282241651e-01 1.181992560377402753e-02 5.000000000000000000e+00
7.742636826811269968e-01 1.157016985154013522e-02 5.000000000000000000e+00
7.850456200204509738e-01 1.143086951014310459e-02 5.000000000000000000e+00
7.959777002314986083e-01 1.129086783125527078e-02 5.000000000000000000e+00
8.070620141149499327e-01 1.117348214492310324e-02 5.000000000000000000e+00
8.183006815867389649e-01 1.106542534165148514e-02 5.000000000000000000e+00
8.296958520834906148e-01 1.091365495031566824e-02 5.000000000000000000e+00
8.412497049736118448e-01 1.075739137491619861e-02 5.000000000000000000e+00
8.529644499741024788e-01 1.060819553220050671e-02 5.000000000000000000e+00
8.648423275731718096e-01 1.043339176765792874e-02 5.000000000000000000e+00
8.768856094587426098e-01 1.032542375380227605e-02 5.000000000000000000e+00
8.890965989529158175e-01 1.014536966715046985e-02 5.000000000000000000e+00
9.014776314524917122e-01 1.007534757029730776e-02 5.000000000000000000e+00
9.140310748756231840e-01 9.868295254489312454e-03 5.000000000000000000e+00
9.267593301146883622e-01 9.775911127328906075e-03 5.000000000000000000e+00
9.396648314954690884e-01 9.586998029668235971e-03 5.000000000000000000e+00
9.527500472427290479e-01 9.515962055443982076e-03 5.000000000000000000e+00
9.660174799522646127e-01 9.411846082113125081e-03 5.000000000000000000e+00
9.794696670695395291e-01 9.227613037464221790e-03 5.000000000000000000e+00
9.931091813749800545e-01 9.068780307499815785e-03 5.000000000000000000e+00
1.006938631476027135e+00 8.886499631784628914e-03 5.000000000000000000e+00
1.020960662306046540e+00 9.095478918261807461e-03 5.000000000000000000e+00
1.035177955630176339e+00 8.725539196412335219e-03 5.000000000000000000e+00
1.049593230558227619e+00 8.610677675160527053e-03 5.000000000000000000e+00
1.064209244064724613e+00 8.545486263816706035e-03 5.000000000000000000e+00
1.079028791516183583e+00 1.196109218895422682e-02 5.000000000000000000e+00
1.094054707205742494e+00 1.202486233724084537e-02 5.000000000000000000e+00
1.109289864895222744e+00 1.002826415118450269e-02 5.000000000000000000e+00
1.124737178364751955e+00 1.274048432316205598e-02 5.000000000000000000e+00
1.140399601970033094e+00 8.263071427803461363e-03 5.000000000000000000e+00
1.156280131207375383e+00 1.201662962892159452e-02 5.000000000000000000e+00
1.172381803286598467e+00 1.550194057128581430e-02 4.000000000000000000e+00
1.188707697711903322e+00 1.081123338228231687e-02 5.000000000000000000e+00
1.205260936870842681e+00 1.410157817847738047e-02 5.000000000000000000e+00
1.222044686631488686e+00 9.371508068640142797e-03 5.000000000000000000e+00
1.239062156947915661e+00 1.469613870903978096e-02 4.000000000000000000e+00
1.256316602474120137e+00 1.384329661734269926e-02 5.000000000000000000e+00
1.273811323186478495e+00 1.422421326818816036e-02 4.000000000000000000e+00
1.291549665014884107e+00 1.400894099002992013e-02 4.000000000000000000e+00
1.309535020482667678e+00 1.370608026184096107e-02 4.000000000000000000e+00
1.327770829355429116e+00 1.359087611712254083e-02 4.000000000000000000e+00
1.346260579298909743e+00 1.348643508830392815e-02 4.000000000000000000e+00
1.365007806546013835e+00 1.316962620410607430e-02 4.000000000000000000e+00
1.384016096573131627e+00 1.304331006936393540e-02 4.000000000000000000e+00
1.403289084785873220e+00 1.289383153300608341e-02 4.000000000000000000e+00
1.422830457214351974e+00 1.262218047341843834e-02 4.000000000000000000e+00
1.442643951218157250e+00 1.250915213779841932e-02 4.000000000000000000e+00
1.462733356201129986e+00 1.233930197759484058e-02 4.000000000000000000e+00
1.483102514336104516e+00 1.219859298237975682e-02 4.000000000000000000e+00
1.503755321299738323e+00 1.194198494905067062e-02 4.000000000000000000e+00
1.524695727017572944e+00 1.179977091365655081e-02 4.000000000000000000e+00
1.545927736419477005e+00 1.164176258345692508e-02 4.000000000000000000e+00
1.567455410205595090e+00 1.147802760758001930e-02 4.000000000000000000e+00
1.589282865622978047e+00 1.139650655850897587e-02 4.000000000000000000e+00
1.611414277253019778e+00 1.122167366062864005e-02 4.000000000000000000e+00
1.633853877809862132e+00 1.105869256184697710e-02 4.000000000000000000e+00
1.656605958949913582e+00 1.090112796870089558e-02 4.000000000000000000e+00
1.679674872092653093e+00 1.077761705931189543e-02 4.000000000000000000e+00
1.703065029252844420e+00 1.055871046428158953e-02 4.000000000000000000e+00
1.726780903884356011e+00 1.042730066029409937e-02 4.000000000000000000e+00
1.750827031735725070e+00 1.032293942066178291e-02 4.000000000000000000e+00
1.775208011717634093e+00 1.017353692719476232e-02 4.000000000000000000e+00
1.799928506782476401e+00 1.004579440160936581e-02 4.000000000000000000e+00
1.824993244816152327e+00 9.923292900088231602e-03 4.000000000000000000e+00
1.850407019542302134e+00 9.743890891793579798e-03 4.000000000000000000e+00
1.876174691439121522e+00 9.581388410488724319e-03 4.000000000000000000e+00
1.902301188668943821e+00 9.492879484442174817e-03 4.000000000000000000e+00
1.928791508020777812e+00 9.405004176394313881e-03 4.000000000000000000e+00
1.955650715865949074e+00 9.181292448227733327e-03 4.000000000000000000e+00
1.982883949127071332e+00 9.104059251842273881e-03 4.000000000000000000e+00
2.010496416260499242e+00 8.998693953365315829e-03 4.000000000000000000e+00
2.038493398252462008e+00 9.172770821169689767e-03 4.000000000000000000e+00
2.066880249629082122e+00 8.941592058687782008e-03 4.000000000000000000e+00
2.095662399480433091e+00 9.711433370938406945e-03 4.000000000000000000e+00
2.124845352498883067e+00 8.641899775426360036e-03 4.000000000000000000e+00
2.154434690031884259e+00 1.105678055098481896e-02 4.000000000000000000e+00
2.184436071149426173e+00 1.054140456300150901e-02 4.000000000000000000e+00
2.214855233726359174e+00 9.015600154121304610e-03 4.000000000000000000e+00
2.245697995539774006e+00 1.140305566308696082e-02 4.000000000000000000e+00
2.276970255381680186e+00 1.179015426817502273e-02 4.000000000000000000e+00
2.308677994187169791e+00 1.366480715041886937e-02 4.000000000000000000e+00
2.340827276178291783e+00 1.232589169129352617e-02 4.000000000000000000e+00
2.373424250023866033e+00 1.316470482072681046e-02 4.000000000000000000e+00
2.406475150015424003e+00 1.506097918456757341e-02 3.000000000000000000e+00
2.439986297259550074e+00 1.296371976543510968e-02 4.000000000000000000e+00
2.473964100886814066e+00 1.468651396040143199e-02 3.000000000000000000e+00
2.508415059277538717e+00 1.440229630412152156e-02 3.000000000000000000e+00
2.543345761304648178e+00 1.419207417561207073e-02 3.000000000000000000e+00
2.578762887593800901e+00 1.335917533525482308e-02 4.000000000000000000e+00
2.614673211801092023e+00 1.379170914896302863e-02 3.000000000000000000e+00
2.651083601908538867e+00 1.372018982848638088e-02 3.000000000000000000e+00
2.688001021537604895e+00 1.349449201267195579e-02 3.000000000000000000e+00
2.725432531281027693e+00 1.319479368975416504e-02 3.000000000000000000e+00
2.763385290053169907e+00 1.302570102768365636e-02 3.000000000000000000e+00
2.801866556459195134e+00 1.293097314830416074e-02 3.000000000000000000e+00
2.840883690183304111e+00 1.269610332910038955e-02 3.000000000000000000e+00
2.880444153396297668e+00 1.252739277387867126e-02 3.000000000000000000e+00
2.920555512182744895e+00 1.236038188263778419e-02 3.000000000000000000e+00
2.961225437988034503e+00 1.229509236495909472e-02 3.000000000000000000e+00
3.002461709085549213e+00 1.194245313581315804e-02 3.000000000000000000e+00
3.044272212064302874e+00 1.185337935482197631e-02 3.000000000000000000e+00
3.086664943337274369e+00 1.171308748007251870e-02 3.000000000000000000e+00
3.129648010670750491e+00 1.160820951955083245e-02 3.000000000000000000e+00
3.173229634734976212e+00 1.132337531919148585e-02 3.000000000000000000e+00
3.217418150676371713e+00 1.119339310422858870e-02 3.000000000000000000e+00
3.262222009711670090e+00 1.104683900834203640e-02 3.000000000000000000e+00
3.307649780744242651e+00 1.089926706618640426e-02 3.000000000000000000e+00
3.353710152002928879e+00 1.080224625280041227e-02 3.000000000000000000e+00
3.400411932703705897e+00 1.065453669158398543e-02 3.000000000000000000e+00
3.447764054734464345e+00 1.042766658959588810e-02 3.000000000000000000e+00
3.495775574363275240e+00 1.038613447360726624e-02 3.000000000000000000e+00
3.544455673970435594e+00 1.018701277114356790e-02 3.000000000000000000e+00
3.593813663804625858e+00 1.005966334285304103e-02 3.000000000000000000e+00
3.643858983763544224e+00 1.008605906149173496e-02 3.000000000000000000e+00
3.694601205199302463e+00 9.751353225923437007e-03 3.000000000000000000e+00
3.746050032748993175e+00 9.639265897347176759e-03 3.000000000000000000e+00
3.798215306190736218e+00 9.527452968765446825e-03 3.000000000000000000e+00
3.851107002325568907e+00 9.394448103904428152e-03 3.000000000000000000e+00
3.904735236885560123e+00 9.227540626843212107e-03 3.000000000000000000e+00
3.959110266468458761e+00 1.020143988101787115e-02 3.000000000000000000e+00
4.014242490499322358e+00 8.968733780762004962e-03 3.000000000000000000e+00
4.070142453219438572e+00 9.773621868059568368e-03 3.000000000000000000e+00
4.126820845702951601e+00 9.516997780763572848e-03 3.000000000000000000e+00
4.184288507901579912e+00 8.580098464333205110e-03 3.000000000000000000e+00
4.242556430717777438e+00 1.242606072368252282e-02 3.000000000000000000e+00
4.301635758106795215e+00 1.478438440625804220e-02 3.000000000000000000e+00
4.361537789208005833e+00 9.047715823366614049e-03 3.000000000000000000e+00
4.422273980505896596e+00 1.228343978286871446e-02 3.000000000000000000e+00
4.483855948021186144e+00 1.207666695363529899e-02 3.000000000000000000e+00
4.546295469532399380e+00 1.320331810375959848e-02 3.000000000000000000e+00
4.609604486828433600e+00 8.437727701659600982e-03 3.000000000000000000e+00
4.673795107992464004e+00 1.140207445518199268e-02 3.000000000000000000e+00
4.738879609717651320e+00 1.517679075876129588e-02 3.000000000000000000e+00
4.804870439655129388e+00 9.185918975289648902e-03 3.000000000000000000e+00
4.871780218794630635e+00 1.194287193585047771e-02 3.000000000000000000e+00
4.939621743878320537e+00 9.155992228329383129e-03 3.000000000000000000e+00
5.008407989848212338e+00 1.443813347204046110e-02 2.000000000000000000e+00
5.078152112327670942e+00 1.415428340222607377e-02 2.000000000000000000e+00
5.148867450137492696e+00 1.349648089146617165e-02 3.000000000000000000e+00
5.220567527846974976e+00 1.381322534188791917e-02 2.000000000000000000e+00
5.293266058360561743e+00 1.369666466089192874e-02 2.000000000000000000e+00
5.366976945540476329e+00 1.352553806399951243e-02 2.000000000000000000e+00
5.441714286865892980e+00 1.329421634446061734e-02 2.000000000000000000e+00
5.517492376129123244e+00 1.307403458672667246e-02 2.000000000000000000e+00
5.594325706169377632e+00 1.282222717032670267e-02 2.000000000000000000e+00
5.672228971644543094e+00 1.272964431017570286e-02 2.000000000000000000e+00
5.751217071841614015e+00 1.249255882442897037e-02 2.000000000000000000e+00
5.831305113526224382e+00 1.235771750241934468e-02 2.000000000000000000e+00
5.912508413831875309e+00 1.216120256164118611e-02 2.000000000000000000e+00
5.994842503189408589e+00 1.190832744969403875e-02 2.000000000000000000e+00
6.078323128297229871e+00 1.189878727808543757e-02 2.000000000000000000e+00
6.162966255132942273e+00 1.171790479501066094e-02 2.000000000000000000e+00
6.248788072006894012e+00 1.153442779170870368e-02 2.000000000000000000e+00
6.335804992658247592e+00 1.133895472661713283e-02 2.000000000000000000e+00
6.424033659394190465e+00 1.120920439053688447e-02 2.000000000000000000e+00
6.513490946272802340e+00 1.108289398027122001e-02 2.000000000000000000e+00
6.604193962330305645e+00 1.085108771824458765e-02 2.000000000000000000e+00
6.696160054853222299e+00 1.079485029155013640e-02 2.000000000000000000e+00
6.789406812696105575e+00 1.069571352222450748e-02 2.000000000000000000e+00
6.883952069645496330e+00 1.050287743786724667e-02 2.000000000000000000e+00
6.979813907830660469e+00 1.036013972114214858e-02 2.000000000000000000e+00
7.077010661181889262e+00 1.016998275892535414e-02 2.000000000000000000e+00
7.175560918936928267e+00 1.004030967059365079e-02 2.000000000000000000e+00
7.275483529196224985e+00 1.090440698673554414e-02 2.000000000000000000e+00
7.376797602527730646e+00 9.812102286530925352e-03 2.000000000000000000e+00
7.479522515621821022e+00 9.607606299436972919e-03 2.000000000000000000e+00
7.583677914997190683e+00 9.483053415096868305e-03 2.000000000000000000e+00
7.689283720758313123e+00 9.412395238868274602e-03 2.000000000000000000e+00
7.796360130405228794e+00 9.261648473834600825e-03 2.000000000000000000e+00
7.904927622696420464e+00 9.113423871053823525e-03 2.000000000000000000e+00
8.015006961565404708e+00 9.149367180383255471e-03 2.000000000000000000e+00
8.126619200091946382e+00 8.827467053563298194e-03 2.000000000000000000e+00
8.239785684528520449e+00 9.060235852836159148e-03 2.000000000000000000e+00
8.354528058382863165e+00 9.514527518562923558e-03 2.000000000000000000e+00
8.470868266557403103e+00 9.053723508508465870e-03 2.000000000000000000e+00
8.588828559546250574e+00 9.435893136600233613e-03 2.000000000000000000e+00
8.708431497690723333e+00 1.261839904413634278e-02 2.000000000000000000e+00
8.829699955494092478e+00 9.898889831347373880e-03 2.000000000000000000e+00
8.952657125996392296e+00 9.923782012198817393e-03 2.000000000000000000e+00
9.077326525210223096e+00 1.120397205726805963e-02 2.000000000000000000e+00
9.203731996618220279e+00 1.037649643518594351e-02 2.000000000000000000e+00
9.331897715733239451e+00 9.112212169529397207e-03 2.000000000000000000e+00
9.461848194722001892e+00 1.524733509815486346e-02 1.000000000000000000e+00
9.593608287093147169e+00 1.441749484864407634e-02 2.000000000000000000e+00
9.727203192450536662e+00 1.223659465819045347e-02 2.000000000000000000e+00
9.862658461312820535e+00 1.459925677019298720e-02 1.000000000000000000e+00
1.000000000000000000e+01 9.981403642975558016e-03 2.000000000000000000e+00
1.013925407558814307e+01 1.428048311158416732e-02 1.000000000000000000e+00
1.028044732093309754e+01 1.411263303285162536e-02 1.000000000000000000e+00
1.042360673976401131e+01 1.372203083115208951e-02 2.000000000000000000e+00
1.056875971184805074e+01 1.363960436673947521e-02 1.000000000000000000e+00
1.071593399822671167e+01 1.339346666615348624e-02 1.000000000000000000e+00
1.086515774652537303e+01 1.329868511954172480e-02 1.000000000000000000e+00
1.101645949633656940e+01 1.306111269987489734e-02 1.000000000000000000e+00
1.116986818467822573e+01 1.292896564038733404e-02 1.000000000000000000e+00
1.132541315152812622e+01 1.265809948840899285e-02 1.000000000000000000e+00
1.148312414543511117e+01 1.259417665993852950e-02 1.000000000000000000e+00
1.164303132920875683e+01 1.239324046606599464e-02 1.000000000000000000e+00
1.180516528568805512e+01 1.225532651903497167e-02 1.000000000000000000e+00
1.196955702359042739e+01 1.201163440907019979e-02 1.000000000000000000e+00
1.213623798344241678e+01 1.192229291186628314e-02 1.000000000000000000e+00
1.230524004359261525e+01 1.173955561494591932e-02 1.000000000000000000e+00
1.247659552630868518e+01 1.159577192108174858e-02 1.000000000000000000e+00
1.265033720395903849e+01 1.140546347896281495e-02 1.000000000000000000e+00
1.282649830528059809e+01 1.117596836886339783e-02 1.000000000000000000e+00
1.300511252173409815e+01 1.102906270559868111e-02 1.000000000000000000e+00
1.318621401394748460e+01 1.100292140975248599e-02 1.000000000000000000e+00
1.336983741824945149e+01 1.081870057531818946e-02 1.000000000000000000e+00
1.355601785329368880e+01 1.074256553727562062e-02 1.000000000000000000e+00
1.374479092677536585e+01 1.040331299183935680e-02 1.000000000000000000e+00
1.393619274224143467e+01 1.039483147979757688e-02 1.000000000000000000e+00
1.413025990599533621e+01 1.020558803212483386e-02 1.000000000000000000e+00
1.432702953409829405e+01 1.011494762334515067e-02 1.000000000000000000e+00
1.452653925946781222e+01 9.870332129780667874e-03 1.000000000000000000e+00
1.472882723907501834e+01 9.779289558566859469e-03 1.000000000000000000e+00
1.493393216124253264e+01 9.642765298653193512e-03 1.000000000000000000e+00
1.514189325304351996e+01 9.501645438626226889e-03 1.000000000000000000e+00
1.535275028780421103e+01 1.013101774933513298e-02 1.000000000000000000e+00
1.556654359271061949e+01 9.284123070562942670e-03 1.000000000000000000e+00
1.578331405652116537e+01 9.063276282404790843e-03 1.000000000000000000e+00
1.600310313738701851e+01 9.067045818310612987e-03 1.000000000000000000e+00
1.622595287078087267e+01 8.857075612408034718e-03 1.000000000000000000e+00
1.645190587753660694e+01 1.106001468762906996e-02 1.000000000000000000e+00
1.668100537200059108e+01 8.708025090012228020e-03 1.000000000000000000e+00
1.691329517029647178e+01 8.653773495601726345e-03 1.000000000000000000e+00
1.714881969870540956e+01 9.959031949515468121e-03 1.000000000000000000e+00
1.738762400216250370e+01 1.540281746980807706e-02 1.000000000000000000e+00
1.762975375287203761e+01 8.230175033579268870e-03 1.000000000000000000e+00
1.787525525904235479e+01 1.130666288152288104e-02 1.000000000000000000e+00
1.812417547374235838e+01 8.440108024873936229e-03 1.000000000000000000e+00
1.837656200388172323e+01 9.554826604055923975e-03 1.000000000000000000e+00
1.863246311931559873e+01 1.547153247806244518e-02 0.000000000000000000e+00
1.889192776207664437e+01 1.261095288385056211e-02 1.000000000000000000e+00
1.915500555573527919e+01 1.456214296624983549e-02 1.000000000000000000e+00
1.942174681489024479e+01 1.483482616243988854e-02 0.000000000000000000e+00
1.969220255479173431e+01 1.453732739002749040e-02 0.000000000000000000e+00
1.996642450109793288e+01 1.451314946837969737e-02 0.000000000000000000e+00
2.024446509976801778e+01 1.426224721566178404e-02 0.000000000000000000e+00
2.052637752709252084e+01 1.408309806868079592e-02 0.000000000000000000e+00
2.081221569986337272e+01 1.381805681484865773e-02 0.000000000000000000e+00
2.110203428568596706e+01 1.365552168237535273e-02 0.000000000000000000e+00
2.139588871343421417e+01 1.366596247123545022e-02 0.000000000000000000e+00
2.169383518385182086e+01 1.327519510165530228e-02 0.000000000000000000e+00
2.199593068030074861e+01 1.309288270311314943e-02 0.000000000000000000e+00
2.230223297965936169e+01 1.298005825876020689e-02 0.000000000000000000e+00
2.261280066337279493e+01 1.283325427986998883e-02 0.000000000000000000e+00
2.292769312865648601e+01 1.265369600386528383e-02 0.000000000000000000e+00
2.324697059985650327e+01 1.241041107475693989e-02 0.000000000000000000e+00
2.357069413996727647e+01 1.217159180724142718e-02 0.000000000000000000e+00
2.389892566231047866e+01 1.211180593546135227e-02 0.000000000000000000e+00
2.423172794237600769e+01 1.186401311033976128e-02 0.000000000000000000e+00
2.456916462982790250e+01 1.177494974084262666e-02 0.000000000000000000e+00
2.491130026067791192e+01 1.156388308439326718e-02 0.000000000000000000e+00
2.525820026962784581e+01 1.139048353385047931e-02 0.000000000000000000e+00
2.560993100258456678e+01 1.125252806612960996e-02 0.000000000000000000e+00
2.596655972934872381e+01 1.114006267566293625e-02 0.000000000000000000e+00
2.632815465648020137e+01 1.097475542757505446e-02 0.000000000000000000e+00
2.669478494034323646e+01 1.077981751519997006e-02 0.000000000000000000e+00
2.706652070033241131e+01 1.067100872510283113e-02 0.000000000000000000e+00
2.744343303228362529e+01 1.054265701217688318e-02 0.000000000000000000e+00
2.782559402207125743e+01 1.037535461520241488e-02 0.000000000000000000e+00
2.821307675939470627e+01 1.026203182872452782e-02 0.000000000000000000e+00
2.860595535175744786e+01 1.010099606244719769e-02 0.000000000000000000e+00
2.900430493863991543e+01 9.958998444061074526e-03 0.000000000000000000e+00
2.940820170587060645e+01 1.066191066898185963e-02 0.000000000000000000e+00
2.981772290019673477e+01 9.695195752877857481e-03 0.000000000000000000e+00
3.023294684405776422e+01 9.772903871792325281e-03 0.000000000000000000e+00
3.065395295056529790e+01 9.428727821195612840e-03 0.000000000000000000e+00
3.108082173869063780e+01 9.286993175348184221e-03 0.000000000000000000e+00
3.151363484866476128e+01 1.019287772551103442e-02 0.000000000000000000e+00
3.195247505759213524e+01 9.042477442855431299e-03 0.000000000000000000e+00
3.239742629528195295e+01 8.932158499969110321e-03 0.000000000000000000e+00
3.284857366030046677e+01 8.805232449883225801e-03 0.000000000000000000e+00
3.330600343624588788e+01 8.673143762717726996e-03 0.000000000000000000e+00
3.376980310825087628e+01 8.847819657534771245e-03 0.000000000000000000e+00
3.424006137971425545e+01 8.463829177882593174e-03 0.000000000000000000e+00
3.471686818926559681e+01 1.014387387383594227e-02 0.000000000000000000e+00
3.520031472796682692e+01 9.969738555790703949e-03 0.000000000000000000e+00
3.569049345675229290e+01 1.348549670486022534e-02 0.000000000000000000e+00
3.618749812411276423e+01 8.964425712946699765e-03 0.000000000000000000e+00
3.669142378402494131e+01 8.860270285787697278e-03 0.000000000000000000e+00
3.720236681413065583e+01 8.544783668656021416e-03 0.000000000000000000e+00
3.772042493417001197e+01 1.115159891256990894e-02 0.000000000000000000e+00
3.824569722466998911e+01 1.123551468530664156e-02 0.000000000000000000e+00
3.877828414589453132e+01 1.006825708413712842e-02 0.000000000000000000e+00
3.931828755705770106e+01 2.254153431381145795e-02 0.000000000000000000e+00
3.986581073580438783e+01 1.421513630366928217e-02 0.000000000000000000e+00
4.042095839796309775e+01 2.077700358104792380e-02 0.000000000000000000e+00
4.098383671757261482e+01 1.864814825714354932e-02 0.000000000000000000e+00
4.155455334718870830e+01 1.951494259499004721e-02 0.000000000000000000e+00
4.213321743847289014e+01 2.117558446891843610e-02 0.000000000000000000e+00
4.271993966306776969e+01 2.482296947470885931e-02 0.000000000000000000e+00
4.331483223376402947e+01 2.321677955998624823e-02 0.000000000000000000e+00
4.391800892596086214e+01 2.289556969611446918e-02 0.000000000000000000e+00
4.452958509942650522e+01 2.597316024001686263e-02 0.000000000000000000e+00
4.514967772036101934e+01 2.210779725113485444e-02 0.000000000000000000e+00
4.577840538376616308e+01 3.322371318827771480e-02 0.000000000000000000e+00
4.641588833612782139e+01 3.936461716508618536e-02 0.000000000000000000e+00
4.706224849841281355e+01 2.973116513727748142e-02 0.000000000000000000e+00
4.771760948938740654e+01 4.457697740973592948e-02 0.000000000000000000e+00
4.838209664925957298e+01 4.334667309063675034e-02 0.000000000000000000e+00
4.905583706365045771e+01 3.515053277194096076e-02 0.000000000000000000e+00
4.973895958790068050e+01 4.323144889690525711e-02 0.000000000000000000e+00
5.043159487171358535e+01 4.096418256632211596e-02 0.000000000000000000e+00
5.113387538414320943e+01 4.923899040497585478e-02 0.000000000000000000e+00
5.184593543892913203e+01 5.374776198979061559e-02 0.000000000000000000e+00
5.256791122018419316e+01 5.350148880558781156e-02 0.000000000000000000e+00
5.329994080844092963e+01 5.247852456362463863e-02 0.000000000000000000e+00
5.404216420705915169e+01 6.267786102625166889e-02 0.000000000000000000e+00
5.479472336900281704e+01 6.265162794052578366e-02 0.000000000000000000e+00
5.555776222398877451e+01 7.024483424024155487e-02 0.000000000000000000e+00
5.633142670601351654e+01 6.963794661318575829e-02 0.000000000000000000e+00
5.711586478126434940e+01 7.695791180367370088e-02 0.000000000000000000e+00
5.791122647641758192e+01 7.824266996394645124e-02 0.000000000000000000e+00
5.871766390733249352e+01 8.189900418607226618e-02 0.000000000000000000e+00
5.953533130814370367e+01 8.468807664027776239e-02 0.000000000000000000e+00
6.036438506075863586e+01 1.011166960841398260e-01 0.000000000000000000e+00
6.120498372476702542e+01 1.089091633340479037e-01 0.000000000000000000e+00
6.205728806776500761e+01 8.459782108461548489e-02 0.000000000000000000e+00
6.292146109610337845e+01 1.096991850617203279e-01 0.000000000000000000e+00
6.379766808606282069e+01 1.046071521274818672e-01 0.000000000000000000e+00
6.468607661546320742e+01 1.203125537983987109e-01 0.000000000000000000e+00
6.558685659571435167e+01 1.197133898355719900e-01 0.000000000000000000e+00
6.650018030431118632e+01 1.229316910147107422e-01 0.000000000000000000e+00
6.742622241778335024e+01 1.342518095450068172e-01 0.000000000000000000e+00
6.836516004510238531e+01 1.252321866132246608e-01 0.000000000000000000e+00
6.931717276155400498e+01 1.374680353161907564e-01 0.000000000000000000e+00
7.028244264308352740e+01 1.399440460271371700e-01 0.000000000000000000e+00
7.126115430111745752e+01 1.434845261743386002e-01 0.000000000000000000e+00
7.225349491787206091e+01 1.511755312821118913e-01 0.000000000000000000e+00
7.325965428215229736e+01 1.652303901320649748e-01 0.000000000000000000e+00
7.427982482564910072e+01 1.723432171595335738e-01 0.000000000000000000e+00
7.531420165974375891e+01 1.607211920312039410e-01 0.000000000000000000e+00
7.636298261282242095e+01 1.634107703398312572e-01 0.000000000000000000e+00
7.742636826811278183e+01 1.867816575180311078e-01 0.000000000000000000e+00
7.850456200204509116e+01 1.714075464428695683e-01 0.000000000000000000e+00
7.959777002314977778e+01 1.927791215709947770e-01 0.000000000000000000e+00
8.070620141149507276e+01 2.004168624218260197e-01 0.000000000000000000e+00
8.183006815867389605e+01 1.963827217396545699e-01 0.000000000000000000e+00
8.296958520834914452e+01 2.000900429360949473e-01 0.000000000000000000e+00
8.412497049736118981e+01 2.106155870921170015e-01 0.000000000000000000e+00
8.529644499741016261e+01 2.211011109199401969e-01 0.000000000000000000e+00
8.648423275731727244e+01 2.260783266998358521e-01 0.000000000000000000e+00
8.768856094587427208e+01 2.277592621182615573e-01 0.000000000000000000e+00
8.890965989529166791e+01 2.293310420519666937e-01 0.000000000000000000e+00
9.014776314524917211e+01 2.456809875410509991e-01 0.000000000000000000e+00
9.140310748756222381e+01 2.401541777885508877e-01 0.000000000000000000e+00
9.267593301146882823e+01 2.525460934407937619e-01 0.000000000000000000e+00
9.396648314954690306e+01 2.477832405318206588e-01 0.000000000000000000e+00
9.527500472427300338e+01 2.719273701894930340e-01 0.000000000000000000e+00
9.660174799522646083e+01 2.688965827670763975e-01 0.000000000000000000e+00
9.794696670695385876e+01 2.710899152514245625e-01 0.000000000000000000e+00
9.931091813749800679e+01 2.880806320992494451e-01 0.000000000000000000e+00
1.006938631476027126e+02 2.831212833061506617e-01 0.000000000000000000e+00
1.020960662306047624e+02 3.000009607432661540e-01 0.000000000000000000e+00
1.035177955630176285e+02 2.977609212291889018e-01 0.000000000000000000e+00
1.049593230558226651e+02 3.011423295732029159e-01 0.000000000000000000e+00
1.064209244064724658e+02 3.085372854897479034e-01 0.000000000000000000e+00
1.079028791516183645e+02 3.205027980948805255e-01 0.000000000000000000e+00
1.094054707205743568e+02 3.242430830348447257e-01 0.000000000000000000e+00
1.109289864895222735e+02 3.398021914159814472e-01 0.000000000000000000e+00
1.124737178364750747e+02 3.447697360015112844e-01 0.000000000000000000e+00
1.140399601970033103e+02 3.410572569003753052e-01 0.000000000000000000e+00
1.156280131207375348e+02 3.371532271971607320e-01 0.000000000000000000e+00
1.172381803286599791e+02 3.541724307090502455e-01 0.000000000000000000e+00
1.188707697711903251e+02 3.493974291395445242e-01 0.000000000000000000e+00
1.205260936870841419e+02 3.735219536438836307e-01 0.000000000000000000e+00
1.222044686631488730e+02 3.679503317344776092e-01 0.000000000000000000e+00
1.239062156947915696e+02 3.793659504254912052e-01 0.000000000000000000e+00
1.256316602474121424e+02 3.838758009261920567e-01 0.000000000000000000e+00
1.273811323186478432e+02 3.904246224623297290e-01 0.000000000000000000e+00
1.291549665014882748e+02 3.938143060232127679e-01 0.000000000000000000e+00
1.309535020482667562e+02 3.915370572663782189e-01 0.000000000000000000e+00
1.327770829355428930e+02 4.019241097918015426e-01 0.000000000000000000e+00
1.346260579298910898e+02 4.124418797203933673e-01 0.000000000000000000e+00
1.365007806546013853e+02 4.223040993382679020e-01 0.000000000000000000e+00
1.384016096573130028e+02 4.259625421149457747e-01 0.000000000000000000e+00
1.403289084785873229e+02 4.300293720312036161e-01 0.000000000000000000e+00
1.422830457214352009e+02 4.419728578073990333e-01 0.000000000000000000e+00
1.442643951218158804e+02 4.478771665792128376e-01 0.000000000000000000e+00
1.462733356201129880e+02 4.507324238186433685e-01 0.000000000000000000e+00
1.483102514336102900e+02 4.583764813019695628e-01 0.000000000000000000e+00
1.503755321299738341e+02 4.710168238482705383e-01 0.000000000000000000e+00
1.524695727017573006e+02 4.587563889963505726e-01 0.000000000000000000e+00
1.545927736419478435e+02 4.723200185306718479e-01 0.000000000000000000e+00
1.567455410205595001e+02 4.763250360496466551e-01 0.000000000000000000e+00
1.589282865622976431e+02 4.776427010622755764e-01 0.000000000000000000e+00
1.611414277253019804e+02 4.832456049849492841e-01 0.000000000000000000e+00
1.633853877809860364e+02 4.980791872563432032e-01 0.000000000000000000e+00
1.656605958949915305e+02 5.056892610955044942e-01 0.000000000000000000e+00
1.679674872092653288e+02 4.926756630322700059e-01 0.000000000000000000e+00
1.703065029252842635e+02 5.119893195927438523e-01 0.000000000000000000e+00
1.726780903884356064e+02 5.244323474359233739e-01 0.000000000000000000e+00
1.750827031735723267e+02 5.210821937319206620e-01 0.000000000000000000e+00
1.775208011717635941e+02 5.229846696418127827e-01 0.000000000000000000e+00
1.799928506782476347e+02 5.369364163562040382e-01 0.000000000000000000e+00
1.824993244816150479e+02 5.335824948231443488e-01 0.000000000000000000e+00
1.850407019542302010e+02 5.422257710596634084e-01 0.000000000000000000e+00
1.876174691439119613e+02 5.481018397246398832e-01 0.000000000000000000e+00
1.902301188668945713e+02 5.308672054117606898e-01 0.000000000000000000e+00
1.928791508020777599e+02 5.538807331808581758e-01 0.000000000000000000e+00
1.955650715865947120e+02 5.546093539310869014e-01 0.000000000000000000e+00
1.982883949127071332e+02 5.777446421864496084e-01 0.000000000000000000e+00
2.010496416260496915e+02 5.757824412435436079e-01 0.000000000000000000e+00
2.038493398252464317e+02 5.748178387980004134e-01 0.000000000000000000e+00
2.066880249629082016e+02 5.760800722642519522e-01 0.000000000000000000e+00
2.095662399480430906e+02 5.891444130169635196e-01 0.000000000000000000e+00
2.124845352498882960e+02 5.946472553783996862e-01 0.000000000000000000e+00
2.154434690031882269e+02 5.814833370664715950e-01 0.000000000000000000e+00
2.184436071149428358e+02 5.929841235110477893e-01 0.000000000000000000e+00
2.214855233726359245e+02 5.950973440543874116e-01 0.000000000000000000e+00
2.245697995539771625e+02 6.058256611620472798e-01 0.000000000000000000e+00
2.276970255381679920e+02 6.109802282117522410e-01 0.000000000000000000e+00
2.308677994187167428e+02 6.227794086719210531e-01 0.000000000000000000e+00
2.340827276178294198e+02 6.167410701700480891e-01 0.000000000000000000e+00
2.373424250023866193e+02 6.276796366183974296e-01 0.000000000000000000e+00
2.406475150015421605e+02 6.420172188352175624e-01 0.000000000000000000e+00
2.439986297259550270e+02 6.312725989793722681e-01 0.000000000000000000e+00
2.473964100886811650e+02 6.401618690091896990e-01 0.000000000000000000e+00
2.508415059277541275e+02 6.382198925380039300e-01 0.000000000000000000e+00
2.543345761304648249e+02 6.412017332042755369e-01 0.000000000000000000e+00
2.578762887593803725e+02 6.541747866513702991e-01 0.000000000000000000e+00
2.614673211801091952e+02 6.636541580229395887e-01 0.000000000000000000e+00
2.651083601908536025e+02 6.574679390286986003e-01 0.000000000000000000e+00
2.688001021537607471e+02 6.566927640154648360e-01 0.000000000000000000e+00
2.725432531281027764e+02 6.510625134862749741e-01 0.000000000000000000e+00
2.763385290053172412e+02 6.851617441664842323e-01 0.000000000000000000e+00
2.801866556459195294e+02 6.773577733795743683e-01 0.000000000000000000e+00
2.840883690183301269e+02 6.725671711256239194e-01 0.000000000000000000e+00
2.880444153396297793e+02 6.835372129869039526e-01 0.000000000000000000e+00
2.920555512182745019e+02 6.931630991485555615e-01 0.000000000000000000e+00
2.961225437988037470e+02 6.945083559678482121e-01 0.000000000000000000e+00
3.002461709085549160e+02 6.951447075136697462e-01 0.000000000000000000e+00
3.044272212064299765e+02 7.055317677313182045e-01 0.000000000000000000e+00
3.086664943337274281e+02 6.908855899965863356e-01 0.000000000000000000e+00
3.129648010670750296e+02 6.978668759569552904e-01 0.000000000000000000e+00
3.173229634734979641e+02 7.148305814572162298e-01 0.000000000000000000e+00
3.217418150676371624e+02 6.967208983303371239e-01 0.000000000000000000e+00
3.262222009711666715e+02 7.121573743483082808e-01 0.000000000000000000e+00
3.307649780744242776e+02 7.261098228948473787e-01 0.000000000000000000e+00
3.353710152002929021e+02 7.157790807261140698e-01 0.000000000000000000e+00
3.400411932703709681e+02 7.241795794060564839e-01 0.000000000000000000e+00
3.447764054734464025e+02 7.314157668572525139e-01 0.000000000000000000e+00
3.495775574363271403e+02 7.319679181054085104e-01 0.000000000000000000e+00
3.544455673970435328e+02 7.264383621157399773e-01 0.000000000000000000e+00
3.593813663804625662e+02 7.395489211160567455e-01 0.000000000000000000e+00
3.643858983763548167e+02 7.360832862054415004e-01 0.000000000000000000e+00
3.694601205199302285e+02 7.501915111167702932e-01 0.000000000000000000e+00
3.746050032748989338e+02 7.432596797244960252e-01 0.000000000000000000e+00
3.798215306190735987e+02 7.573308746209566067e-01 0.000000000000000000e+00
3.851107002325568942e+02 7.529737429714883357e-01 0.000000000000000000e+00
3.904735236885563836e+02 7.576288425889609046e-01 0.000000000000000000e+00
3.959110266468458690e+02 7.678451338761935752e-01 0.000000000000000000e+00
4.014242490499318023e+02 7.682423595396463689e-01 0.000000000000000000e+00
4.070142453219438607e+02 7.791534767854444432e-01 0.000000000000000000e+00
4.126820845702951601e+02 7.637710879838579547e-01 0.000000000000000000e+00
4.184288507901584353e+02 7.635563281742931974e-01 0.000000000000000000e+00
4.242556430717776834e+02 7.823838761464684266e-01 0.000000000000000000e+00
4.301635758106790490e+02 7.867688067230756976e-01 0.000000000000000000e+00
4.361537789208005620e+02 7.963767671724950592e-01 0.000000000000000000e+00
4.422273980505897271e+02 7.872954535950443811e-01 0.000000000000000000e+00
4.483855948021191011e+02 7.954664062235342614e-01 0.000000000000000000e+00
4.546295469532399238e+02 7.915485434076274807e-01 0.000000000000000000e+00
4.609604486828429231e+02 7.811671350717083184e-01 0.000000000000000000e+00
4.673795107992463613e+02 8.019907993275083857e-01 0.000000000000000000e+00
4.738879609717650965e+02 7.910804967674489596e-01 0.000000000000000000e+00
4.804870439655134078e+02 7.997763278152880684e-01 0.000000000000000000e+00
4.871780218794630741e+02 8.056489188542965696e-01 0.000000000000000000e+00
4.939621743878315669e+02 8.119894290084704869e-01 0.000000000000000000e+00
5.008407989848212196e+02 8.086064135135571096e-01 0.000000000000000000e+00
5.078152112327670693e+02 8.127170846434615958e-01 0.000000000000000000e+00
5.148867450137497599e+02 8.174262522789282892e-01 0.000000000000000000e+00
5.220567527846975509e+02 8.134425130789401104e-01 0.000000000000000000e+00
5.293266058360555917e+02 8.221415756026752009e-01 0.000000000000000000e+00
5.366976945540476436e+02 8.164601379301519302e-01 0.000000000000000000e+00
5.441714286865887971e+02 8.287662657081549256e-01 0.000000000000000000e+00
5.517492376129129070e+02 8.278185836993058322e-01 0.000000000000000000e+00
5.594325706169377099e+02 8.267722233500287565e-01 0.000000000000000000e+00
5.672228971644537978e+02 8.266836964490460460e-01 0.000000000000000000e+00
5.751217071841613233e+02 8.238424500448330301e-01 0.000000000000000000e+00
5.831305113526218520e+02 8.419880558095498291e-01 0.000000000000000000e+00
5.912508413831881171e+02 8.355839161947121729e-01 0.000000000000000000e+00
5.994842503189408944e+02 8.230435826113294828e-01 0.000000000000000000e+00
6.078323128297223548e+02 8.321395856738923458e-01 0.000000000000000000e+00
6.162966255132942024e+02 8.480240214551963973e-01 0.000000000000000000e+00
6.248788072006888115e+02 8.734884708522178132e-01 0.000000000000000000e+00
6.335804992658254378e+02 8.447429073320527060e-01 0.000000000000000000e+00
6.424033659394191318e+02 8.538551138402793450e-01 0.000000000000000000e+00
6.513490946272795554e+02 8.514010646935546989e-01 0.000000000000000000e+00
6.604193962330305112e+02 8.511717344678879638e-01 0.000000000000000000e+00
6.696160054853215797e+02 8.533373911619556162e-01 0.000000000000000000e+00
6.789406812696112183e+02 8.644030483803342158e-01 0.000000000000000000e+00
6.883952069645496294e+02 8.570747414663352215e-01 0.000000000000000000e+00
6.979813907830653079e+02 8.599542515357381234e-01 0.000000000000000000e+00
7.077010661181889191e+02 8.636236013700857583e-01 0.000000000000000000e+00
7.175560918936921553e+02 8.631513337909133554e-01 0.000000000000000000e+00
7.275483529196233121e+02 8.751767281810357568e-01 0.000000000000000000e+00
7.376797602527731215e+02 8.687732276285911048e-01 0.000000000000000000e+00
7.479522515621813454e+02 8.734417102406408784e-01 0.000000000000000000e+00
7.583677914997190328e+02 8.652651376090678692e-01 0.000000000000000000e+00
7.689283720758305662e+02 8.718579203588375792e-01 0.000000000000000000e+00
7.796360130405237214e+02 8.757640142285338936e-01 0.000000000000000000e+00
7.904927622696420713e+02 8.831600891878519377e-01 0.000000000000000000e+00
8.015006961565413803e+02 8.674499406259031931e-01 0.000000000000000000e+00
8.126619200091945459e+02 8.883014951177385932e-01 0.000000000000000000e+00
8.239785684528511638e+02 8.725044369987586812e-01 0.000000000000000000e+00
8.354528058382871905e+02 8.845120485038716618e-01 0.000000000000000000e+00
8.470868266557401967e+02 8.816415637934461591e-01 0.000000000000000000e+00
8.588828559546258248e+02 8.907066405972108303e-01 0.000000000000000000e+00
8.708431497690723972e+02 8.852085329153636106e-01 0.000000000000000000e+00
8.829699955494082815e+02 8.994978570952019137e-01 0.000000000000000000e+00
8.952657125996400964e+02 8.998205434435581074e-01 0.000000000000000000e+00
9.077326525210223735e+02 8.893926917600598614e-01 0.000000000000000000e+00
9.203731996618230369e+02 8.939687784972502049e-01 0.000000000000000000e+00
9.331897715733239238e+02 8.971011767525395308e-01 0.000000000000000000e+00
9.461848194721992513e+02 9.031701639933563674e-01 0.000000000000000000e+00
9.593608287093146600e+02 8.985549559882192172e-01 0.000000000000000000e+00
9.727203192450537017e+02 9.030410408144584622e-01 0.000000000000000000e+00
9.862658461312830696e+02 9.034306882816214301e-01 0.000000000000000000e+00
1.000000000000000000e+03 8.963284135851099510e-01 0.000000000000000000e+00
