# signed=False
# sigma	mae	rms	opt err	 opt fl
1.000000000000000021e-03 6.431826276222731842e-01 8.000000000000000000e+00
1.013925407558815411e-03 6.357630565500815845e-01 8.000000000000000000e+00
1.028044732093309679e-03 6.535608443457524563e-01 8.000000000000000000e+00
1.042360673976401152e-03 6.312716811469404332e-01 8.000000000000000000e+00
1.056875971184803890e-03 6.312523155201112957e-01 8.000000000000000000e+00
1.071593399822671090e-03 6.371465376705431893e-01 8.000000000000000000e+00
1.086515774652538433e-03 6.270073513025344880e-01 8.000000000000000000e+00
1.101645949633656921e-03 6.281497809633868057e-01 8.000000000000000000e+00
1.116986818467822530e-03 6.145409009183044891e-01 8.000000000000000000e+00
1.132541315152811546e-03 6.327007428569326741e-01 8.000000000000000000e+00
1.148312414543511137e-03 6.132023499533755251e-01 8.000000000000000000e+00
1.164303132920876775e-03 6.033580214948794929e-01 8.000000000000000000e+00
1.180516528568805639e-03 6.056694949985944598e-01 8.000000000000000000e+00
1.196955702359042868e-03 5.986073659854218576e-01 8.000000000000000000e+00
1.213623798344240588e-03 6.037517392727548282e-01 8.000000000000000000e+00
1.230524004359261634e-03 5.927397863612818840e-01 8.000000000000000000e+00
1.247659552630869806e-03 5.858589227351048700e-01 8.000000000000000000e+00
1.265033720395903781e-03 5.724880707581536665e-01 8.000000000000000000e+00
1.282649830528059809e-03 5.723762084524036675e-01 8.000000000000000000e+00
1.300511252173408528e-03 5.623939767173086191e-01 8.000000000000000000e+00
1.318621401394748458e-03 5.595765126757480390e-01 8.000000000000000000e+00
1.336983741824946661e-03 5.614292176991557692e-01 8.000000000000000000e+00
1.355601785329368925e-03 5.647937756877001725e-01 8.000000000000000000e+00
1.374479092677536717e-03 5.480816483941448602e-01 8.000000000000000000e+00
1.393619274224142113e-03 5.484579665625096689e-01 8.000000000000000000e+00
1.413025990599533653e-03 5.369835328620864434e-01 8.000000000000000000e+00
1.432702953409831009e-03 5.305313266694062779e-01 8.000000000000000000e+00
1.452653925946781202e-03 5.315897857255311720e-01 8.000000000000000000e+00
1.472882723907501879e-03 5.221716324259592090e-01 8.000000000000000000e+00
1.493393216124251719e-03 5.142180427407431198e-01 8.000000000000000000e+00
1.514189325304352018e-03 5.132358275941018011e-01 8.000000000000000000e+00
1.535275028780422714e-03 4.995129081888995404e-01 8.000000000000000000e+00
1.556654359271062099e-03 5.037633524675211305e-01 8.000000000000000000e+00
1.578331405652118108e-03 4.954149763295806475e-01 8.000000000000000000e+00
1.600310313738700137e-03 4.828764070408660403e-01 8.000000000000000000e+00
1.622595287078087110e-03 4.836989049560108112e-01 8.000000000000000000e+00
1.645190587753662514e-03 4.800782121906577160e-01 8.000000000000000000e+00
1.668100537200059227e-03 4.753432533672785620e-01 8.000000000000000000e+00
1.691329517029648791e-03 4.674207447375954283e-01 8.000000000000000000e+00
1.714881969870539046e-03 4.538932269478100912e-01 8.000000000000000000e+00
1.738762400216250364e-03 4.559114562207141619e-01 8.000000000000000000e+00
1.762975375287205784e-03 4.496432682758505495e-01 8.000000000000000000e+00
1.787525525904235402e-03 4.417038963574888011e-01 8.000000000000000000e+00
1.812417547374237711e-03 4.388551168315156792e-01 8.000000000000000000e+00
1.837656200388170478e-03 4.327687353850879215e-01 8.000000000000000000e+00
1.863246311931559835e-03 4.222024268398683611e-01 8.000000000000000000e+00
1.889192776207666326e-03 4.186183014513220058e-01 8.000000000000000000e+00
1.915500555573527823e-03 4.163502275556613674e-01 8.000000000000000000e+00
1.942174681489026522e-03 4.081284615779288139e-01 8.000000000000000000e+00
1.969220255479171497e-03 4.035458466332276783e-01 8.000000000000000000e+00
1.996642450109793483e-03 3.989159910342713333e-01 8.000000000000000000e+00
2.024446509976803900e-03 3.932279194803816047e-01 8.000000000000000000e+00
2.052637752709252084e-03 3.928620802696984327e-01 8.000000000000000000e+00
2.081221569986339229e-03 3.808215576784768630e-01 8.000000000000000000e+00
2.110203428568596575e-03 3.755347027743008992e-01 8.000000000000000000e+00
2.139588871343421454e-03 3.757890117304786282e-01 8.000000000000000000e+00
2.169383518385184159e-03 3.697203947032259852e-01 8.000000000000000000e+00
2.199593068030074750e-03 3.672962949044651926e-01 8.000000000000000000e+00
2.230223297965938743e-03 3.575261877287496670e-01 8.000000000000000000e+00
2.261280066337279480e-03 3.515432334687755289e-01 8.000000000000000000e+00
2.292769312865648810e-03 3.484980217121928514e-01 8.000000000000000000e+00
2.324697059985648094e-03 3.475384561376343440e-01 8.000000000000000000e+00
2.357069413996727789e-03 3.358035002391424606e-01 8.000000000000000000e+00
2.389892566231050126e-03 3.338160271027658110e-01 8.000000000000000000e+00
2.423172794237600514e-03 3.348154644338852681e-01 8.000000000000000000e+00
2.456916462982790088e-03 3.266151398262625016e-01 8.000000000000000000e+00
2.491130026067788373e-03 3.188302100451835819e-01 8.000000000000000000e+00
2.525820026962784671e-03 3.134044566602638415e-01 8.000000000000000000e+00
2.560993100258459210e-03 3.105742156115016694e-01 8.000000000000000000e+00
2.596655972934872221e-03 3.067575841266117487e-01 8.000000000000000000e+00
2.632815465648019864e-03 3.035458525715931666e-01 8.000000000000000000e+00
2.669478494034320699e-03 3.034311138755625969e-01 8.000000000000000000e+00
2.706652070033241288e-03 2.958091586440620424e-01 8.000000000000000000e+00
2.744343303228365376e-03 2.918022794943310183e-01 8.000000000000000000e+00
2.782559402207125665e-03 2.864218750999140140e-01 8.000000000000000000e+00
2.821307675939470957e-03 2.853423674625164552e-01 8.000000000000000000e+00
2.860595535175741895e-03 2.799100641065856987e-01 8.000000000000000000e+00
2.900430493863991651e-03 2.744470099584236378e-01 8.000000000000000000e+00
2.940820170587063812e-03 2.702566203481071017e-01 8.000000000000000000e+00
2.981772290019673362e-03 2.663917386206647309e-01 8.000000000000000000e+00
3.023294684405776565e-03 2.592582974279186714e-01 8.000000000000000000e+00
3.065395295056526793e-03 2.583282005225100986e-01 8.000000000000000000e+00
3.108082173869063970e-03 2.566111547600981591e-01 8.000000000000000000e+00
3.151363484866479339e-03 2.513109959536480864e-01 8.000000000000000000e+00
3.195247505759213607e-03 2.492016373616704750e-01 8.000000000000000000e+00
3.239742629528195514e-03 2.487706810379493871e-01 8.000000000000000000e+00
3.284857366030043482e-03 2.426797101859069217e-01 8.000000000000000000e+00
3.330600343624588386e-03 2.408278112069132115e-01 8.000000000000000000e+00
3.376980310825091272e-03 2.369444246799235765e-01 8.000000000000000000e+00
3.424006137971425789e-03 2.339539661565792072e-01 8.000000000000000000e+00
3.471686818926559247e-03 2.247202646348765154e-01 8.000000000000000000e+00
3.520031472796678832e-03 2.279723359745881583e-01 8.000000000000000000e+00
3.569049345675229679e-03 2.209403632519618688e-01 8.000000000000000000e+00
3.618749812411280273e-03 2.208468205770273696e-01 8.000000000000000000e+00
3.669142378402494038e-03 2.169445992752971619e-01 8.000000000000000000e+00
3.720236681413065759e-03 2.148276290366671337e-01 8.000000000000000000e+00
3.772042493416997554e-03 2.108799700124052989e-01 8.000000000000000000e+00
3.824569722466999305e-03 2.095653171322325037e-01 8.000000000000000000e+00
3.877828414589457214e-03 2.067681374343480760e-01 8.000000000000000000e+00
3.931828755705770589e-03 2.053862535640666176e-01 8.000000000000000000e+00
3.986581073580438943e-03 1.994508087269557250e-01 8.000000000000000000e+00
4.042095839796306170e-03 1.987082607778319354e-01 8.000000000000000000e+00
4.098383671757261509e-03 1.924258415833388358e-01 8.000000000000000000e+00
4.155455334718875619e-03 1.936367652255403249e-01 8.000000000000000000e+00
4.213321743847289226e-03 1.908880242243441439e-01 8.000000000000000000e+00
4.271993966306776754e-03 1.873307630067869711e-01 8.000000000000000000e+00
4.331483223376398663e-03 1.861386516128241131e-01 8.000000000000000000e+00
4.391800892596085977e-03 1.823169199519788786e-01 8.000000000000000000e+00
4.452958509942655727e-03 1.764538310648229857e-01 8.000000000000000000e+00
4.514967772036101654e-03 1.759723955394029149e-01 8.000000000000000000e+00
4.577840538376616412e-03 1.748199928642291678e-01 8.000000000000000000e+00
4.641588833612777208e-03 1.721710934633641776e-01 8.000000000000000000e+00
4.706224849841281720e-03 1.705116995141510994e-01 8.000000000000000000e+00
4.771760948938746048e-03 1.665902104377272874e-01 8.000000000000000000e+00
4.838209664925957609e-03 1.666299926826628197e-01 8.000000000000000000e+00
4.905583706365045267e-03 1.608267804632385056e-01 8.000000000000000000e+00
4.973895958790062848e-03 1.596793064781771021e-01 8.000000000000000000e+00
5.043159487171358993e-03 1.584342884820594266e-01 8.000000000000000000e+00
5.113387538414325764e-03 1.543734186265269537e-01 8.000000000000000000e+00
5.184593543892912840e-03 1.529101994301731993e-01 8.000000000000000000e+00
5.256791122018419048e-03 1.506480610669880260e-01 8.000000000000000000e+00
5.329994080844087725e-03 1.491944749668084602e-01 8.000000000000000000e+00
5.404216420705915298e-03 1.494233375870053504e-01 8.000000000000000000e+00
5.479472336900287170e-03 1.446892390382811533e-01 8.000000000000000000e+00
5.555776222398878077e-03 1.451083021248412708e-01 8.000000000000000000e+00
5.633142670601352063e-03 1.424442540728233508e-01 8.000000000000000000e+00
5.711586478126434545e-03 1.394006257183389719e-01 8.000000000000000000e+00
5.791122647641758041e-03 1.386612039952712094e-01 8.000000000000000000e+00
5.871766390733255264e-03 1.374051133061163499e-01 8.000000000000000000e+00
5.953533130814370189e-03 1.357539962973603187e-01 8.000000000000000000e+00
6.036438506075864248e-03 1.313280527052546887e-01 8.000000000000000000e+00
6.120498372476702517e-03 1.286261357091869062e-01 8.000000000000000000e+00
6.205728806776500406e-03 1.295238181607930583e-01 8.000000000000000000e+00
6.292146109610343568e-03 1.256728570823555380e-01 8.000000000000000000e+00
6.379766808606282015e-03 1.248736818072508498e-01 8.000000000000000000e+00
6.468607661546327617e-03 1.223374827694185818e-01 8.000000000000000000e+00
6.558685659571435525e-03 1.199651507115651189e-01 8.000000000000000000e+00
6.650018030431118291e-03 1.183591648464254742e-01 8.000000000000000000e+00
6.742622241778342337e-03 1.178317944613279100e-01 8.000000000000000000e+00
6.836516004510238484e-03 1.158793061215754594e-01 8.000000000000000000e+00
6.931717276155407136e-03 1.145141696249524499e-01 8.000000000000000000e+00
7.028244264308352446e-03 1.154247832993498396e-01 8.000000000000000000e+00
7.126115430111745405e-03 1.117720190129830038e-01 8.000000000000000000e+00
7.225349491787214085e-03 1.102470535447383493e-01 8.000000000000000000e+00
7.325965428215230023e-03 1.084054791022289882e-01 8.000000000000000000e+00
7.427982482564918221e-03 1.072661713509660553e-01 8.000000000000000000e+00
7.531420165974375344e-03 1.057426828955870257e-01 8.000000000000000000e+00
7.636298261282242067e-03 1.042066142567092402e-01 8.000000000000000000e+00
7.742636826811269413e-03 1.025736801378920454e-01 8.000000000000000000e+00
7.850456200204509669e-03 1.009684337670958693e-01 8.000000000000000000e+00
7.959777002314986222e-03 9.970179102882648081e-02 8.000000000000000000e+00
8.070620141149507584e-03 9.844403802155922423e-02 8.000000000000000000e+00
8.183006815867388886e-03 9.799870076213143544e-02 8.000000000000000000e+00
8.296958520834906564e-03 9.755938124033167180e-02 8.000000000000000000e+00
8.412497049736117685e-03 9.624369517183443967e-02 8.000000000000000000e+00
8.529644499741025759e-03 9.197350377299559621e-02 8.000000000000000000e+00
8.648423275731726215e-03 9.308937077219947565e-02 8.000000000000000000e+00
8.768856094587426653e-03 9.137601915201054581e-02 8.000000000000000000e+00
8.890965989529158939e-03 8.895415528994508880e-02 8.000000000000000000e+00
9.014776314524916914e-03 8.950753497811203552e-02 8.000000000000000000e+00
9.140310748756232812e-03 8.701443857417186234e-02 8.000000000000000000e+00
9.267593301146882789e-03 8.667689240655546135e-02 8.000000000000000000e+00
9.396648314954691300e-03 8.509696319690854271e-02 8.000000000000000000e+00
9.527500472427289507e-03 8.316984961853998715e-02 8.000000000000000000e+00
9.660174799522646544e-03 8.317019983398082905e-02 8.000000000000000000e+00
9.794696670695395360e-03 8.221249584003337274e-02 8.000000000000000000e+00
9.931091813749801447e-03 8.112414577149502926e-02 8.000000000000000000e+00
1.006938631476027649e-02 7.958628330692285591e-02 8.000000000000000000e+00
1.020960662306046561e-02 7.886748965669014566e-02 8.000000000000000000e+00
1.035177955630176179e-02 7.646501012478586212e-02 8.000000000000000000e+00
1.049593230558227772e-02 7.449704397343770435e-02 8.000000000000000000e+00
1.064209244064724148e-02 7.540004609159534077e-02 8.000000000000000000e+00
1.079028791516184124e-02 7.398318028497147258e-02 8.000000000000000000e+00
1.094054707205742438e-02 7.327106074038360062e-02 8.000000000000000000e+00
1.109289864895222737e-02 7.124469278200214195e-02 8.000000000000000000e+00
1.124737178364751920e-02 7.212304009988868003e-02 8.000000000000000000e+00
1.140399601970032428e-02 7.078396617454628392e-02 8.000000000000000000e+00
1.156280131207376022e-02 6.883237140495203354e-02 8.000000000000000000e+00
1.172381803286598467e-02 6.812919336391329295e-02 8.000000000000000000e+00
1.188707697711903315e-02 6.680715508886518605e-02 8.000000000000000000e+00
1.205260936870842549e-02 6.576476971009923012e-02 8.000000000000000000e+00
1.222044686631488034e-02 6.541964359545619778e-02 8.000000000000000000e+00
1.239062156947916271e-02 6.427379934750476753e-02 8.000000000000000000e+00
1.256316602474120796e-02 6.320247169360811157e-02 8.000000000000000000e+00
1.273811323186478488e-02 6.294347300695013470e-02 8.000000000000000000e+00
1.291549665014883955e-02 6.201125900078460762e-02 8.000000000000000000e+00
1.309535020482666991e-02 6.150844929079648388e-02 8.000000000000000000e+00
1.327770829355429810e-02 6.060473711260029595e-02 8.000000000000000000e+00
1.346260579298910395e-02 5.977694452854522000e-02 8.000000000000000000e+00
1.365007806546013856e-02 5.881146029647003198e-02 8.000000000000000000e+00
1.384016096573131502e-02 5.710960825641694244e-02 8.000000000000000000e+00
1.403289084785872519e-02 5.790354012462422401e-02 8.000000000000000000e+00
1.422830457214352591e-02 5.590741415756842608e-02 8.000000000000000000e+00
1.442643951218158110e-02 5.501471151309850899e-02 8.000000000000000000e+00
1.462733356201129965e-02 5.490324135405725420e-02 8.000000000000000000e+00
1.483102514336104467e-02 5.386601483656279499e-02 8.000000000000000000e+00
1.503755321299737706e-02 5.279036259121351604e-02 8.000000000000000000e+00
1.524695727017573790e-02 5.207739528555876268e-02 8.000000000000000000e+00
1.545927736419477720e-02 5.189042877543814658e-02 8.000000000000000000e+00
1.567455410205595076e-02 5.124062498352627282e-02 8.000000000000000000e+00
1.589282865622978005e-02 5.013315553792995621e-02 8.000000000000000000e+00
1.611414277253019056e-02 4.965346685837181834e-02 8.000000000000000000e+00
1.633853877809861299e-02 4.887115470701942910e-02 8.000000000000000000e+00
1.656605958949914498e-02 4.785270753821233708e-02 8.000000000000000000e+00
1.679674872092653051e-02 4.746623125670703519e-02 8.000000000000000000e+00
1.703065029252844378e-02 4.675724846995329975e-02 8.000000000000000000e+00
1.726780903884355886e-02 4.596230500931772212e-02 8.000000000000000000e+00
1.750827031735724404e-02 4.571612251294633611e-02 8.000000000000000000e+00
1.775208011717635190e-02 4.488820969663637195e-02 8.000000000000000000e+00
1.799928506782476345e-02 4.411301951706617791e-02 8.000000000000000000e+00
1.824993244816152521e-02 4.373519984767748614e-02 8.000000000000000000e+00
1.850407019542302245e-02 4.336864391568374943e-02 8.000000000000000000e+00
1.876174691439120440e-02 4.268778628284426030e-02 8.000000000000000000e+00
1.902301188668944695e-02 4.206757169296609922e-02 8.000000000000000000e+00
1.928791508020777715e-02 4.181161818088120763e-02 8.000000000000000000e+00
1.955650715865949255e-02 4.077155955655049901e-02 8.000000000000000000e+00
1.982883949127071249e-02 4.024196723789883606e-02 8.000000000000000000e+00
2.010496416260498104e-02 3.913963069599313283e-02 8.000000000000000000e+00
2.038493398252463201e-02 3.863639307643960963e-02 8.000000000000000000e+00
2.066880249629082095e-02 3.859681715531546042e-02 8.000000000000000000e+00
2.095662399480432980e-02 3.799820830034930652e-02 8.000000000000000000e+00
2.124845352498882720e-02 3.745704012113587611e-02 8.000000000000000000e+00
2.154434690031883232e-02 3.709191438753182968e-02 8.000000000000000000e+00
2.184436071149427339e-02 3.678334251181810538e-02 8.000000000000000000e+00
2.214855233726359396e-02 3.533138327318672417e-02 8.000000000000000000e+00
2.245697995539773853e-02 3.542515972830879295e-02 8.000000000000000000e+00
2.276970255381680075e-02 3.463560815010155447e-02 8.000000000000000000e+00
2.308677994187168653e-02 3.465681273767905884e-02 8.000000000000000000e+00
2.340827276178293267e-02 3.421607018012488149e-02 8.000000000000000000e+00
2.373424250023867602e-02 3.301791242506423724e-02 8.000000000000000000e+00
2.406475150015424322e-02 3.317025074756059511e-02 8.000000000000000000e+00
2.439986297259550199e-02 3.267095281220620817e-02 8.000000000000000000e+00
2.473964100886812817e-02 3.257483028334526992e-02 8.000000000000000000e+00
2.508415059277539771e-02 3.184654233635572651e-02 8.000000000000000000e+00
2.543345761304649510e-02 3.188933139887167867e-02 8.000000000000000000e+00
2.578762887593800956e-02 3.058958778548897736e-02 8.000000000000000000e+00
2.614673211801091940e-02 2.970528889096736569e-02 8.000000000000000000e+00
2.651083601908537507e-02 3.020423853490384128e-02 8.000000000000000000e+00
2.688001021537606006e-02 2.973101712134336091e-02 8.000000000000000000e+00
2.725432531281029094e-02 2.928848639348486868e-02 8.000000000000000000e+00
2.763385290053169824e-02 2.877572112475313207e-02 8.000000000000000000e+00
2.801866556459195468e-02 2.862705975181050605e-02 8.000000000000000000e+00
2.840883690183302474e-02 2.816592744571339013e-02 8.000000000000000000e+00
2.880444153396296419e-02 2.766263682369247620e-02 8.000000000000000000e+00
2.920555512182746588e-02 2.676089005234626519e-02 8.000000000000000000e+00
2.961225437988034351e-02 2.676116236098062193e-02 8.000000000000000000e+00
3.002461709085549324e-02 2.632614849358524620e-02 8.000000000000000000e+00
3.044272212064302874e-02 2.659873759614595976e-02 8.000000000000000000e+00
3.086664943337272954e-02 2.581193111260434575e-02 8.000000000000000000e+00
3.129648010670751934e-02 2.568498386310644893e-02 8.000000000000000000e+00
3.173229634734976018e-02 2.514717860652788267e-02 8.000000000000000000e+00
3.217418150676371741e-02 2.476651333831952559e-02 8.000000000000000000e+00
3.262222009711669701e-02 2.414506645205325222e-02 8.000000000000000000e+00
3.307649780744240792e-02 2.389906454731436161e-02 8.000000000000000000e+00
3.353710152002930406e-02 2.394675427145609090e-02 8.000000000000000000e+00
3.400411932703706341e-02 2.341474657286111982e-02 8.000000000000000000e+00
3.447764054734463873e-02 2.321672451112550065e-02 8.000000000000000000e+00
3.495775574363275268e-02 2.301917699118653446e-02 8.000000000000000000e+00
3.544455673970433457e-02 2.254947081011743348e-02 8.000000000000000000e+00
3.593813663804627800e-02 2.236239407377117391e-02 8.000000000000000000e+00
3.643858983763544751e-02 2.170021311575674391e-02 8.000000000000000000e+00
3.694601205199302130e-02 2.186499835451027537e-02 8.000000000000000000e+00
3.746050032748993175e-02 2.116922794624846726e-02 8.000000000000000000e+00
3.798215306190734497e-02 2.129060629494829160e-02 8.000000000000000000e+00
3.851107002325571127e-02 2.052716993278874344e-02 8.000000000000000000e+00
3.904735236885559929e-02 2.021246884387132778e-02 8.000000000000000000e+00
3.959110266468458816e-02 2.032846644167050562e-02 8.000000000000000000e+00
4.014242490499322219e-02 1.998926904917691302e-02 8.000000000000000000e+00
4.070142453219436490e-02 1.961098335483485791e-02 8.000000000000000000e+00
4.126820845702953988e-02 1.912264987954478621e-02 8.000000000000000000e+00
4.184288507901582493e-02 1.917981992461021898e-02 8.000000000000000000e+00
4.242556430717776828e-02 1.892806169433059946e-02 8.000000000000000000e+00
4.301635758106794882e-02 1.837307104703747584e-02 8.000000000000000000e+00
4.361537789208003169e-02 1.804026314759534302e-02 8.000000000000000000e+00
4.422273980505899565e-02 1.797327273740582931e-02 8.000000000000000000e+00
4.483855948021188420e-02 1.794856192419184635e-02 8.000000000000000000e+00
4.546295469532399269e-02 1.735932232855685528e-02 8.000000000000000000e+00
4.609604486828433600e-02 1.735405302661366389e-02 8.000000000000000000e+00
4.673795107992460840e-02 1.708227334087400462e-02 8.000000000000000000e+00
4.738879609717653457e-02 1.671712551767266450e-02 8.000000000000000000e+00
4.804870439655131720e-02 1.646061874432399458e-02 8.000000000000000000e+00
4.871780218794630885e-02 1.613627010384804938e-02 8.000000000000000000e+00
4.939621743878321036e-02 1.602183704612429246e-02 8.000000000000000000e+00
5.008407989848209785e-02 1.587644623514956541e-02 8.000000000000000000e+00
5.078152112327673218e-02 1.583046493884570846e-02 8.000000000000000000e+00
5.148867450137494667e-02 1.537683646749815787e-02 8.000000000000000000e+00
5.220567527846975420e-02 1.546704073347841303e-02 8.000000000000000000e+00
5.293266058360561466e-02 1.499678237116386023e-02 8.000000000000000000e+00
5.366976945540476163e-02 1.488632780336085482e-02 8.000000000000000000e+00
5.441714286865890343e-02 1.466058108543778077e-02 8.000000000000000000e+00
5.517492376129125992e-02 1.433326947284583458e-02 8.000000000000000000e+00
5.594325706169377826e-02 1.410175771908691623e-02 8.000000000000000000e+00
5.672228971644543288e-02 1.411578215978739025e-02 8.000000000000000000e+00
5.751217071841613349e-02 1.386472621730303924e-02 8.000000000000000000e+00
5.831305113526221579e-02 1.349130219229345735e-02 8.000000000000000000e+00
5.912508413831878140e-02 1.343233178873871544e-02 8.000000000000000000e+00
5.994842503189409116e-02 1.315861240965462108e-02 8.000000000000000000e+00
6.078323128297229844e-02 1.311878932971600326e-02 8.000000000000000000e+00
6.162966255132942134e-02 1.284103046835204792e-02 8.000000000000000000e+00
6.248788072006890987e-02 1.277941802046893109e-02 8.000000000000000000e+00
6.335804992658250478e-02 1.265070461619788311e-02 8.000000000000000000e+00
6.424033659394190465e-02 1.236173979929485085e-02 8.000000000000000000e+00
6.513490946272802729e-02 1.218901621394914182e-02 8.000000000000000000e+00
6.604193962330305590e-02 1.215102302543667571e-02 8.000000000000000000e+00
6.696160054853218802e-02 1.188147181761691103e-02 8.000000000000000000e+00
6.789406812696109628e-02 1.161329833253306291e-02 8.000000000000000000e+00
6.883952069645496441e-02 1.169243238042386515e-02 8.000000000000000000e+00
6.979813907830660635e-02 1.139509837598900836e-02 8.000000000000000000e+00
7.077010661181890039e-02 1.124323829173040634e-02 8.000000000000000000e+00
7.175560918936924049e-02 1.097021548513076213e-02 8.000000000000000000e+00
7.275483529196229149e-02 1.079516995890341530e-02 8.000000000000000000e+00
7.376797602527734865e-02 1.087035170775213673e-02 8.000000000000000000e+00
7.479522515621821188e-02 1.081233842137253355e-02 8.000000000000000000e+00
7.583677914997190295e-02 1.042897446087752943e-02 8.000000000000000000e+00
7.689283720758309515e-02 1.040530783720657916e-02 8.000000000000000000e+00
7.796360130405233235e-02 1.007202317115738627e-02 8.000000000000000000e+00
7.904927622696424072e-02 1.017082436482884440e-02 8.000000000000000000e+00
8.015006961565404597e-02 1.001769758663485776e-02 8.000000000000000000e+00
8.126619200091945994e-02 9.947033703365399868e-03 8.000000000000000000e+00
8.239785684528515286e-02 9.795685414703389840e-03 8.000000000000000000e+00
8.354528058382866551e-02 9.495132437333284048e-03 8.000000000000000000e+00
8.470868266557406157e-02 9.444288636145332927e-03 8.000000000000000000e+00
8.588828559546249353e-02 9.257914945712727647e-03 8.000000000000000000e+00
8.708431497690724554e-02 9.167519214983078923e-03 8.000000000000000000e+00
8.829699955494087205e-02 8.999810249786716065e-03 8.000000000000000000e+00
8.952657125996396625e-02 9.007424367766601880e-03 8.000000000000000000e+00
9.077326525210228925e-02 8.820763394439672458e-03 8.000000000000000000e+00
9.203731996618221001e-02 8.694204575112766953e-03 8.000000000000000000e+00
9.331897715733239451e-02 8.628817753063641391e-03 8.000000000000000000e+00
9.461848194721997340e-02 8.426536891855240796e-03 8.000000000000000000e+00
9.593608287093141618e-02 8.319392962915750714e-03 8.000000000000000000e+00
9.727203192450542546e-02 8.179582333245689202e-03 8.000000000000000000e+00
9.862658461312820424e-02 7.976002347494674793e-03 8.000000000000000000e+00
1.000000000000000056e-01 8.001236934967567022e-03 8.000000000000000000e+00
1.013925407558815273e-01 7.847655649419750870e-03 8.000000000000000000e+00
1.028044732093309765e-01 7.742426685762217146e-03 8.000000000000000000e+00
1.042360673976401170e-01 7.638712206855129139e-03 8.000000000000000000e+00
1.056875971184804003e-01 7.514151377119521538e-03 8.000000000000000000e+00
1.071593399822671072e-01 7.422471122355049633e-03 8.000000000000000000e+00
1.086515774652538346e-01 7.388845332002349012e-03 8.000000000000000000e+00
1.101645949633656973e-01 7.211362115992762077e-03 8.000000000000000000e+00
1.116986818467822634e-01 7.154790587470405937e-03 8.000000000000000000e+00
1.132541315152811451e-01 6.999448837309252443e-03 8.000000000000000000e+00
1.148312414543511129e-01 7.029960701767210343e-03 8.000000000000000000e+00
1.164303132920876810e-01 6.961937833711471027e-03 8.000000000000000000e+00
1.180516528568805595e-01 6.693569765771227587e-03 8.000000000000000000e+00
1.196955702359042834e-01 6.657028846026708489e-03 8.000000000000000000e+00
1.213623798344240501e-01 6.476108882087558763e-03 8.000000000000000000e+00
1.230524004359261625e-01 6.513546699479046131e-03 8.000000000000000000e+00
1.247659552630869806e-01 6.398772934695122136e-03 8.000000000000000000e+00
1.265033720395903893e-01 6.365486963241215150e-03 8.000000000000000000e+00
1.282649830528059809e-01 6.209414598939576660e-03 8.000000000000000000e+00
1.300511252173408572e-01 6.107919439835728451e-03 8.000000000000000000e+00
1.318621401394748371e-01 6.063126575174143836e-03 8.000000000000000000e+00
1.336983741824946670e-01 5.873178678863541502e-03 8.000000000000000000e+00
1.355601785329368925e-01 5.846511991222776150e-03 8.000000000000000000e+00
1.374479092677536596e-01 5.746607853663383836e-03 8.000000000000000000e+00
1.393619274224142113e-01 5.708921981191224237e-03 8.000000000000000000e+00
1.413025990599533765e-01 5.728027809152312980e-03 8.000000000000000000e+00
1.432702953409830948e-01 5.522283732279394466e-03 8.000000000000000000e+00
1.452653925946781333e-01 5.435233320035185237e-03 8.000000000000000000e+00
1.472882723907501801e-01 5.343413051062634138e-03 8.000000000000000000e+00
1.493393216124251910e-01 5.312506005889826646e-03 8.000000000000000000e+00
1.514189325304352018e-01 5.226556088079804124e-03 8.000000000000000000e+00
1.535275028780422601e-01 5.299434736315565379e-03 8.000000000000000000e+00
1.556654359271062160e-01 5.095999347020052812e-03 8.000000000000000000e+00
1.578331405652118047e-01 5.029378602634820665e-03 8.000000000000000000e+00
1.600310313738700085e-01 4.977254835881110388e-03 8.000000000000000000e+00
1.622595287078087145e-01 4.928697279477793451e-03 8.000000000000000000e+00
1.645190587753662392e-01 4.850308434310764659e-03 8.000000000000000000e+00
1.668100537200059019e-01 4.743550189024599816e-03 8.000000000000000000e+00
1.691329517029648843e-01 4.725327959420336232e-03 8.000000000000000000e+00
1.714881969870539202e-01 4.699602886498292949e-03 8.000000000000000000e+00
1.738762400216250503e-01 4.654274286647329915e-03 8.000000000000000000e+00
1.762975375287205715e-01 4.523874230351518019e-03 8.000000000000000000e+00
1.787525525904235524e-01 4.415941713788950305e-03 8.000000000000000000e+00
1.812417547374237659e-01 4.389389597546087748e-03 8.000000000000000000e+00
1.837656200388170513e-01 4.396021304372551425e-03 8.000000000000000000e+00
1.863246311931559818e-01 4.308884978009426721e-03 8.000000000000000000e+00
1.889192776207666291e-01 4.204670232060491245e-03 8.000000000000000000e+00
1.915500555573527997e-01 4.233657931399651027e-03 8.000000000000000000e+00
1.942174681489026444e-01 4.069798989838910828e-03 8.000000000000000000e+00
1.969220255479171566e-01 4.056170352558349269e-03 8.000000000000000000e+00
1.996642450109793465e-01 3.990247260811497984e-03 8.000000000000000000e+00
2.024446509976803865e-01 3.941139803655730259e-03 8.000000000000000000e+00
2.052637752709252084e-01 3.921061212999455738e-03 8.000000000000000000e+00
2.081221569986339281e-01 3.793249075527871557e-03 8.000000000000000000e+00
2.110203428568594441e-01 3.702508416229338944e-03 8.000000000000000000e+00
2.139588871343421628e-01 3.717355450477932612e-03 8.000000000000000000e+00
2.169383518385184229e-01 3.664619188784940841e-03 8.000000000000000000e+00
2.199593068030074872e-01 3.636709439752960731e-03 8.000000000000000000e+00
2.230223297965938656e-01 3.555097065744155030e-03 8.000000000000000000e+00
2.261280066337277295e-01 3.515862529048422933e-03 8.000000000000000000e+00
2.292769312865648723e-01 3.405928880818661839e-03 8.000000000000000000e+00
2.324697059985647851e-01 3.418044450924208420e-03 8.000000000000000000e+00
2.357069413996727703e-01 3.340035212840829042e-03 8.000000000000000000e+00
2.389892566231050230e-01 3.321320594257686030e-03 8.000000000000000000e+00
2.423172794237598293e-01 3.289161583165953976e-03 8.000000000000000000e+00
2.456916462982789984e-01 3.229370885207467293e-03 8.000000000000000000e+00
2.491130026067788494e-01 3.206712956658391844e-03 8.000000000000000000e+00
2.525820026962784515e-01 4.741224658710997686e-03 8.000000000000000000e+00
2.560993100258459609e-01 3.112893770878396096e-03 8.000000000000000000e+00
2.596655972934869827e-01 3.111016121688237913e-03 8.000000000000000000e+00
2.632815465648020159e-01 2.978274331222835990e-03 8.000000000000000000e+00
2.669478494034320804e-01 2.985216197089728390e-03 8.000000000000000000e+00
2.706652070033241375e-01 5.845668424932861512e-03 7.000000000000000000e+00
2.744343303228365394e-01 3.566047925678478454e-03 8.000000000000000000e+00
2.782559402207125943e-01 2.867532993547714047e-03 8.000000000000000000e+00
2.821307675939470627e-01 5.620788493072821981e-03 7.000000000000000000e+00
2.860595535175741722e-01 3.000442918197214308e-03 8.000000000000000000e+00
2.900430493863991877e-01 4.433680639715165128e-03 8.000000000000000000e+00
2.940820170587063465e-01 5.419622893417516858e-03 7.000000000000000000e+00
2.981772290019673588e-01 5.355629343945547162e-03 7.000000000000000000e+00
3.023294684405776200e-01 5.219998624429953056e-03 7.000000000000000000e+00
3.065395295056526637e-01 5.202606661124915474e-03 7.000000000000000000e+00
3.108082173869063936e-01 5.042061447184988283e-03 7.000000000000000000e+00
3.151363484866479547e-01 4.982765307376010172e-03 7.000000000000000000e+00
3.195247505759213347e-01 5.006971572024216006e-03 7.000000000000000000e+00
3.239742629528195583e-01 4.890380841420826838e-03 7.000000000000000000e+00
3.284857366030043413e-01 4.860611569830891598e-03 7.000000000000000000e+00
3.330600343624588455e-01 4.829041439598498291e-03 7.000000000000000000e+00
3.376980310825091203e-01 4.765647090053131210e-03 7.000000000000000000e+00
3.424006137971425390e-01 4.641660082801884850e-03 7.000000000000000000e+00
3.471686818926559281e-01 4.551039520044217537e-03 7.000000000000000000e+00
3.520031472796679162e-01 4.540674847215893546e-03 7.000000000000000000e+00
3.569049345675229801e-01 4.495148382428584485e-03 7.000000000000000000e+00
3.618749812411280464e-01 4.441810663480449430e-03 7.000000000000000000e+00
3.669142378402494020e-01 4.368611669220611761e-03 7.000000000000000000e+00
3.720236681413066071e-01 4.266304024784809898e-03 7.000000000000000000e+00
3.772042493416997710e-01 4.268651673771707740e-03 7.000000000000000000e+00
3.824569722466998889e-01 4.134085902295821409e-03 7.000000000000000000e+00
3.877828414589457595e-01 4.112021745657151901e-03 7.000000000000000000e+00
3.931828755705770173e-01 4.017510537947536521e-03 7.000000000000000000e+00
3.986581073580438561e-01 4.047111143795949044e-03 7.000000000000000000e+00
4.042095839796305823e-01 3.962790944327668034e-03 7.000000000000000000e+00
4.098383671757261371e-01 3.920599688760351142e-03 7.000000000000000000e+00
4.155455334718875515e-01 3.794032489648490290e-03 7.000000000000000000e+00
4.213321743847289191e-01 3.815063685502964336e-03 7.000000000000000000e+00
4.271993966306776858e-01 3.762402606604437882e-03 7.000000000000000000e+00
4.331483223376398350e-01 3.695395784203187386e-03 7.000000000000000000e+00
4.391800892596086081e-01 3.605926891809712199e-03 7.000000000000000000e+00
4.452958509942655518e-01 3.556341758949498923e-03 7.000000000000000000e+00
4.514967772036102001e-01 3.574375758713933555e-03 7.000000000000000000e+00
4.577840538376616308e-01 3.507730517628001362e-03 7.000000000000000000e+00
4.641588833612777520e-01 3.438733514888671870e-03 7.000000000000000000e+00
4.706224849841281754e-01 3.416819149057400730e-03 7.000000000000000000e+00
4.771760948938745805e-01 6.686359637916295534e-03 6.000000000000000000e+00
4.838209664925957054e-01 3.440174954690551710e-03 7.000000000000000000e+00
4.905583706365045371e-01 3.203792531582516732e-03 7.000000000000000000e+00
4.973895958790062743e-01 3.201752954135452488e-03 7.000000000000000000e+00
5.043159487171359201e-01 3.129451086521144957e-03 7.000000000000000000e+00
5.113387538414325695e-01 3.112841938993345190e-03 7.000000000000000000e+00
5.184593543892912493e-01 3.136139522534608925e-03 7.000000000000000000e+00
5.256791122018424911e-01 3.449962574602157082e-03 7.000000000000000000e+00
5.329994080844088211e-01 3.011638074867280853e-03 7.000000000000000000e+00
5.404216420705915125e-01 2.955444928032627087e-03 7.000000000000000000e+00
5.479472336900287344e-01 4.338527027064136531e-03 7.000000000000000000e+00
5.555776222398878250e-01 5.812326779592491728e-03 6.000000000000000000e+00
5.633142670601357649e-01 3.456750784872557325e-03 7.000000000000000000e+00
5.711586478126429167e-01 5.597860369885733663e-03 6.000000000000000000e+00
5.791122647641758769e-01 5.188096569620903944e-03 7.000000000000000000e+00
5.871766390733255125e-01 4.832610292066765074e-03 7.000000000000000000e+00
5.953533130814370189e-01 4.487909266451192702e-03 7.000000000000000000e+00
6.036438506075869626e-01 5.305373470451359673e-03 6.000000000000000000e+00
6.120498372476697035e-01 3.866458866257010702e-03 7.000000000000000000e+00
6.205728806776500406e-01 5.240554784598422389e-03 6.000000000000000000e+00
6.292146109610343707e-01 5.076012344064751054e-03 6.000000000000000000e+00
6.379766808606281980e-01 5.059767357617733774e-03 6.000000000000000000e+00
6.468607661546327270e-01 4.883350154992441468e-03 6.000000000000000000e+00
6.558685659571428239e-01 4.863153514037858553e-03 6.000000000000000000e+00
6.650018030431118499e-01 4.765515714245804543e-03 6.000000000000000000e+00
6.742622241778342129e-01 4.740245448835582985e-03 6.000000000000000000e+00
6.836516004510237998e-01 4.695006915311531262e-03 6.000000000000000000e+00
6.931717276155406893e-01 4.593488252040226968e-03 6.000000000000000000e+00
7.028244264308345368e-01 4.538433160800482008e-03 6.000000000000000000e+00
7.126115430111745752e-01 4.413055426161546953e-03 6.000000000000000000e+00
7.225349491787214085e-01 4.361728129218839234e-03 6.000000000000000000e+00
7.325965428215229780e-01 4.361152695154768034e-03 6.000000000000000000e+00
7.427982482564918776e-01 4.292087482290101938e-03 6.000000000000000000e+00
7.531420165974368475e-01 4.219041782070517485e-03 6.000000000000000000e+00
7.636298261282241651e-01 4.172259072516390672e-03 6.000000000000000000e+00
7.742636826811269968e-01 4.114294594723487582e-03 6.000000000000000000e+00
7.850456200204509738e-01 4.065412021378967192e-03 6.000000000000000000e+00
7.959777002314986083e-01 4.035699796815481882e-03 6.000000000000000000e+00
8.070620141149499327e-01 3.990270542371230147e-03 6.000000000000000000e+00
8.183006815867389649e-01 3.911356511850923139e-03 6.000000000000000000e+00
8.296958520834906148e-01 3.810933066511892203e-03 6.000000000000000000e+00
8.412497049736118448e-01 3.769977902613855496e-03 6.000000000000000000e+00
8.529644499741024788e-01 3.763725116196509762e-03 6.000000000000000000e+00
8.648423275731718096e-01 3.677062687484466529e-03 6.000000000000000000e+00
8.768856094587426098e-01 3.623877591307509641e-03 6.000000000000000000e+00
8.890965989529158175e-01 3.612608540362318918e-03 6.000000000000000000e+00
9.014776314524917122e-01 3.538945344623144629e-03 6.000000000000000000e+00
9.140310748756231840e-01 3.501251475213421060e-03 6.000000000000000000e+00
9.267593301146883622e-01 3.467529984443656812e-03 6.000000000000000000e+00
9.396648314954690884e-01 3.359168877078886999e-03 6.000000000000000000e+00
9.527500472427290479e-01 3.377337368660425759e-03 6.000000000000000000e+00
9.660174799522646127e-01 3.335999827554197127e-03 6.000000000000000000e+00
9.794696670695395291e-01 3.225609103432822578e-03 6.000000000000000000e+00
9.931091813749800545e-01 4.520751771944679989e-03 6.000000000000000000e+00
1.006938631476027135e+00 3.849093967904083317e-03 6.000000000000000000e+00
1.020960662306046540e+00 3.133191705459055770e-03 6.000000000000000000e+00
1.035177955630176339e+00 3.059330810313634630e-03 6.000000000000000000e+00
1.049593230558227619e+00 3.036823228746264678e-03 6.000000000000000000e+00
1.064209244064724613e+00 3.007131885871898967e-03 6.000000000000000000e+00
1.079028791516183583e+00 3.031233950057644032e-03 6.000000000000000000e+00
1.094054707205742494e+00 5.835780005789969679e-03 5.000000000000000000e+00
1.109289864895222744e+00 3.596109981241072014e-03 6.000000000000000000e+00
1.124737178364751955e+00 2.870047462831362781e-03 6.000000000000000000e+00
1.140399601970033094e+00 5.386606743519187571e-03 6.000000000000000000e+00
1.156280131207375383e+00 3.888868716903534552e-03 6.000000000000000000e+00
1.172381803286598467e+00 5.370250949030263253e-03 5.000000000000000000e+00
1.188707697711903322e+00 5.208717544953196145e-03 6.000000000000000000e+00
1.205260936870842681e+00 5.311818681293070839e-03 5.000000000000000000e+00
1.222044686631488686e+00 4.031471948850487777e-03 6.000000000000000000e+00
1.239062156947915661e+00 5.129708104883536068e-03 5.000000000000000000e+00
1.256316602474120137e+00 5.046696294756199304e-03 5.000000000000000000e+00
1.273811323186478495e+00 5.020474869876855040e-03 5.000000000000000000e+00
1.291549665014884107e+00 4.945984189826760705e-03 5.000000000000000000e+00
1.309535020482667678e+00 4.850938464343101247e-03 5.000000000000000000e+00
1.327770829355429116e+00 4.798746730325108116e-03 5.000000000000000000e+00
1.346260579298909743e+00 4.712387778863540676e-03 5.000000000000000000e+00
1.365007806546013835e+00 4.741310978970133573e-03 5.000000000000000000e+00
1.384016096573131627e+00 4.582668643372508725e-03 5.000000000000000000e+00
1.403289084785873220e+00 4.530437266643220530e-03 5.000000000000000000e+00
1.422830457214351974e+00 4.554357866287116023e-03 5.000000000000000000e+00
1.442643951218157250e+00 4.481459004049305299e-03 5.000000000000000000e+00
1.462733356201129986e+00 4.368887671479713963e-03 5.000000000000000000e+00
1.483102514336104516e+00 4.305440444970151659e-03 5.000000000000000000e+00
1.503755321299738323e+00 4.289804124561874196e-03 5.000000000000000000e+00
1.524695727017572944e+00 4.203807064428746569e-03 5.000000000000000000e+00
1.545927736419477005e+00 4.145938604068413399e-03 5.000000000000000000e+00
1.567455410205595090e+00 4.092557187406941667e-03 5.000000000000000000e+00
1.589282865622978047e+00 3.997292377591453276e-03 5.000000000000000000e+00
1.611414277253019778e+00 3.969757738311113608e-03 5.000000000000000000e+00
1.633853877809862132e+00 3.893275424245869198e-03 5.000000000000000000e+00
1.656605958949913582e+00 3.797705113039103863e-03 5.000000000000000000e+00
1.679674872092653093e+00 3.834601407627017192e-03 5.000000000000000000e+00
1.703065029252844420e+00 3.699619156857389402e-03 5.000000000000000000e+00
1.726780903884356011e+00 3.703199768201459376e-03 5.000000000000000000e+00
1.750827031735725070e+00 3.612448933287473653e-03 5.000000000000000000e+00
1.775208011717634093e+00 3.530464270864516665e-03 5.000000000000000000e+00
1.799928506782476401e+00 3.509561216292593228e-03 5.000000000000000000e+00
1.824993244816152327e+00 3.458674639003523395e-03 5.000000000000000000e+00
1.850407019542302134e+00 3.402483467044773498e-03 5.000000000000000000e+00
1.876174691439121522e+00 3.354945458781375539e-03 5.000000000000000000e+00
1.902301188668943821e+00 3.401192541523827013e-03 5.000000000000000000e+00
1.928791508020777812e+00 4.638275197671347036e-03 5.000000000000000000e+00
1.955650715865949074e+00 3.276435463676337628e-03 5.000000000000000000e+00
1.982883949127071332e+00 3.239345943414634419e-03 5.000000000000000000e+00
2.010496416260499242e+00 3.198029281903218887e-03 5.000000000000000000e+00
2.038493398252462008e+00 3.107077311932503888e-03 5.000000000000000000e+00
2.066880249629082122e+00 3.740481479716016838e-03 5.000000000000000000e+00
2.095662399480433091e+00 3.034074055565601051e-03 5.000000000000000000e+00
2.124845352498883067e+00 5.052568572402765280e-03 5.000000000000000000e+00
2.154434690031884259e+00 5.908745638317656514e-03 4.000000000000000000e+00
2.184436071149426173e+00 4.481002617673377278e-03 5.000000000000000000e+00
2.214855233726359174e+00 4.153707679587880300e-03 5.000000000000000000e+00
2.245697995539774006e+00 3.334893885204321100e-03 5.000000000000000000e+00
2.276970255381680186e+00 5.568790831534661118e-03 4.000000000000000000e+00
2.308677994187169791e+00 5.521186762970031747e-03 4.000000000000000000e+00
2.340827276178291783e+00 2.767648323515576898e-03 5.000000000000000000e+00
2.373424250023866033e+00 5.353361022056053221e-03 4.000000000000000000e+00
2.406475150015424003e+00 5.338209123369112678e-03 4.000000000000000000e+00
2.439986297259550074e+00 5.219680008443266031e-03 4.000000000000000000e+00
2.473964100886814066e+00 5.131359643120310746e-03 4.000000000000000000e+00
2.508415059277538717e+00 5.088064320528744820e-03 4.000000000000000000e+00
2.543345761304648178e+00 5.003814050256545978e-03 4.000000000000000000e+00
2.578762887593800901e+00 4.960938111779869021e-03 4.000000000000000000e+00
2.614673211801092023e+00 4.875895775418987582e-03 4.000000000000000000e+00
2.651083601908538867e+00 4.790025559108721832e-03 4.000000000000000000e+00
2.688001021537604895e+00 4.761988582712281190e-03 4.000000000000000000e+00
2.725432531281027693e+00 4.674058142592985195e-03 4.000000000000000000e+00
2.763385290053169907e+00 4.592154810071552573e-03 4.000000000000000000e+00
2.801866556459195134e+00 4.547006913128791468e-03 4.000000000000000000e+00
2.840883690183304111e+00 4.449404617139466819e-03 4.000000000000000000e+00
2.880444153396297668e+00 4.483487932539640536e-03 4.000000000000000000e+00
2.920555512182744895e+00 4.363865539883870874e-03 4.000000000000000000e+00
2.961225437988034503e+00 4.349101101549688111e-03 4.000000000000000000e+00
3.002461709085549213e+00 4.229880105166275960e-03 4.000000000000000000e+00
3.044272212064302874e+00 4.178515680305042168e-03 4.000000000000000000e+00
3.086664943337274369e+00 4.151353299537065278e-03 4.000000000000000000e+00
3.129648010670750491e+00 4.062303181768174044e-03 4.000000000000000000e+00
3.173229634734976212e+00 4.002921535753974601e-03 4.000000000000000000e+00
3.217418150676371713e+00 3.958559716605458516e-03 4.000000000000000000e+00
3.262222009711670090e+00 3.955354632284227047e-03 4.000000000000000000e+00
3.307649780744242651e+00 3.828152087065661135e-03 4.000000000000000000e+00
3.353710152002928879e+00 3.802165657765593874e-03 4.000000000000000000e+00
3.400411932703705897e+00 3.770858107105011254e-03 4.000000000000000000e+00
3.447764054734464345e+00 3.776400669931358721e-03 4.000000000000000000e+00
3.495775574363275240e+00 3.667993385870003085e-03 4.000000000000000000e+00
3.544455673970435594e+00 3.594484169217134883e-03 4.000000000000000000e+00
3.593813663804625858e+00 3.558576754210637447e-03 4.000000000000000000e+00
3.643858983763544224e+00 3.524351211959792819e-03 4.000000000000000000e+00
3.694601205199302463e+00 3.430952538058717506e-03 4.000000000000000000e+00
3.746050032748993175e+00 3.404386746579540074e-03 4.000000000000000000e+00
3.798215306190736218e+00 3.337474819145418593e-03 4.000000000000000000e+00
3.851107002325568907e+00 4.463271609260106333e-03 4.000000000000000000e+00
3.904735236885560123e+00 3.669812094374712633e-03 4.000000000000000000e+00
3.959110266468458761e+00 3.224479254486760805e-03 4.000000000000000000e+00
4.014242490499322358e+00 3.133713482672432181e-03 4.000000000000000000e+00
4.070142453219438572e+00 3.122757699157012110e-03 4.000000000000000000e+00
4.126820845702951601e+00 3.122010037449054424e-03 4.000000000000000000e+00
4.184288507901579912e+00 3.027933355170976844e-03 4.000000000000000000e+00
4.242556430717777438e+00 5.641649642572692420e-03 4.000000000000000000e+00
4.301635758106795215e+00 2.979636850447935949e-03 4.000000000000000000e+00
4.361537789208005833e+00 3.841548283349894947e-03 4.000000000000000000e+00
4.422273980505896596e+00 2.924693424546026717e-03 4.000000000000000000e+00
4.483855948021186144e+00 4.634616779048124878e-03 4.000000000000000000e+00
4.546295469532399380e+00 5.106205061617120206e-03 4.000000000000000000e+00
4.609604486828433600e+00 2.770792758742797977e-03 4.000000000000000000e+00
4.673795107992464004e+00 5.448037333555280810e-03 3.000000000000000000e+00
4.738879609717651320e+00 5.417458974076786241e-03 3.000000000000000000e+00
4.804870439655129388e+00 5.371697021209818554e-03 3.000000000000000000e+00
4.871780218794630635e+00 2.764672676932587812e-03 4.000000000000000000e+00
4.939621743878320537e+00 5.109130287687778035e-03 3.000000000000000000e+00
5.008407989848212338e+00 5.025910893247591965e-03 3.000000000000000000e+00
5.078152112327670942e+00 4.985137029424183304e-03 3.000000000000000000e+00
5.148867450137492696e+00 4.938200425290670097e-03 3.000000000000000000e+00
5.220567527846974976e+00 4.891347895276737176e-03 3.000000000000000000e+00
5.293266058360561743e+00 4.851781095717259094e-03 3.000000000000000000e+00
5.366976945540476329e+00 4.669581600301746585e-03 3.000000000000000000e+00
5.441714286865892980e+00 4.692030524896604292e-03 3.000000000000000000e+00
5.517492376129123244e+00 4.594441759502525431e-03 3.000000000000000000e+00
5.594325706169377632e+00 4.492602546008112908e-03 3.000000000000000000e+00
5.672228971644543094e+00 4.573913217479413582e-03 3.000000000000000000e+00
5.751217071841614015e+00 4.392856823308493100e-03 3.000000000000000000e+00
5.831305113526224382e+00 4.351745732245579021e-03 3.000000000000000000e+00
5.912508413831875309e+00 4.365593122580434596e-03 3.000000000000000000e+00
5.994842503189408589e+00 4.245168938358195518e-03 3.000000000000000000e+00
6.078323128297229871e+00 4.155062737041489637e-03 3.000000000000000000e+00
6.162966255132942273e+00 4.168210328379843600e-03 3.000000000000000000e+00
6.248788072006894012e+00 4.051345648006210790e-03 3.000000000000000000e+00
6.335804992658247592e+00 4.044295672753006783e-03 3.000000000000000000e+00
6.424033659394190465e+00 3.922330993639212490e-03 3.000000000000000000e+00
6.513490946272802340e+00 3.885041817799930741e-03 3.000000000000000000e+00
6.604193962330305645e+00 3.881110907556634994e-03 3.000000000000000000e+00
6.696160054853222299e+00 3.817107927754683112e-03 3.000000000000000000e+00
6.789406812696105575e+00 3.776682131936441329e-03 3.000000000000000000e+00
6.883952069645496330e+00 3.743366261284295990e-03 3.000000000000000000e+00
6.979813907830660469e+00 3.646847585709768382e-03 3.000000000000000000e+00
7.077010661181889262e+00 3.619460283385118882e-03 3.000000000000000000e+00
7.175560918936928267e+00 3.544187852953449482e-03 3.000000000000000000e+00
7.275483529196224985e+00 3.480989968355076552e-03 3.000000000000000000e+00
7.376797602527730646e+00 3.431166974026209331e-03 3.000000000000000000e+00
7.479522515621821022e+00 3.360078785401831962e-03 3.000000000000000000e+00
7.583677914997190683e+00 3.345824290989384778e-03 3.000000000000000000e+00
7.689283720758313123e+00 3.273680550773690277e-03 3.000000000000000000e+00
7.796360130405228794e+00 3.247074960381002122e-03 3.000000000000000000e+00
7.904927622696420464e+00 3.222349893885102443e-03 3.000000000000000000e+00
8.015006961565404708e+00 3.221127496184241542e-03 3.000000000000000000e+00
8.126619200091946382e+00 3.167616978273594345e-03 3.000000000000000000e+00
8.239785684528520449e+00 4.735112642699586781e-03 3.000000000000000000e+00
8.354528058382863165e+00 3.038843208097391588e-03 3.000000000000000000e+00
8.470868266557403103e+00 3.032939397862667412e-03 3.000000000000000000e+00
8.588828559546250574e+00 5.954544850553080207e-03 2.000000000000000000e+00
8.708431497690723333e+00 2.935838629163545991e-03 3.000000000000000000e+00
8.829699955494092478e+00 2.920615076991019132e-03 3.000000000000000000e+00
8.952657125996392296e+00 2.850762795538272151e-03 3.000000000000000000e+00
9.077326525210223096e+00 5.033774263125258969e-03 3.000000000000000000e+00
9.203731996618220279e+00 4.582089398727393244e-03 3.000000000000000000e+00
9.331897715733239451e+00 5.422198633647480441e-03 2.000000000000000000e+00
9.461848194722001892e+00 5.420850163858150633e-03 2.000000000000000000e+00
9.593608287093147169e+00 5.312303038569028170e-03 2.000000000000000000e+00
9.727203192450536662e+00 5.183934755810125708e-03 3.000000000000000000e+00
9.862658461312820535e+00 5.183010460673484650e-03 2.000000000000000000e+00
1.000000000000000000e+01 5.072898880666602307e-03 2.000000000000000000e+00
1.013925407558814307e+01 4.921298942672893036e-03 2.000000000000000000e+00
1.028044732093309754e+01 5.034537049709865951e-03 2.000000000000000000e+00
1.042360673976401131e+01 4.938850920941938866e-03 2.000000000000000000e+00
1.056875971184805074e+01 4.757566667539440790e-03 2.000000000000000000e+00
1.071593399822671167e+01 4.752813594555185296e-03 2.000000000000000000e+00
1.086515774652537303e+01 4.719476119419118050e-03 2.000000000000000000e+00
1.101645949633656940e+01 4.648054705738533139e-03 2.000000000000000000e+00
1.116986818467822573e+01 4.576324876145232423e-03 2.000000000000000000e+00
1.132541315152812622e+01 4.555227035018698245e-03 2.000000000000000000e+00
1.148312414543511117e+01 4.343329547297157187e-03 2.000000000000000000e+00
1.164303132920875683e+01 4.376953689455971748e-03 2.000000000000000000e+00
1.180516528568805512e+01 4.265217070572828797e-03 2.000000000000000000e+00
1.196955702359042739e+01 4.265793149881074928e-03 2.000000000000000000e+00
1.213623798344241678e+01 4.187260042317220848e-03 2.000000000000000000e+00
1.230524004359261525e+01 4.141167462539859130e-03 2.000000000000000000e+00
1.247659552630868518e+01 4.084399146670431718e-03 2.000000000000000000e+00
1.265033720395903849e+01 4.013334253991592861e-03 2.000000000000000000e+00
1.282649830528059809e+01 3.932473198194146556e-03 2.000000000000000000e+00
1.300511252173409815e+01 3.977001065260759444e-03 2.000000000000000000e+00
1.318621401394748460e+01 3.870463530131129301e-03 2.000000000000000000e+00
1.336983741824945149e+01 3.776881028587900872e-03 2.000000000000000000e+00
1.355601785329368880e+01 3.788124976285640357e-03 2.000000000000000000e+00
1.374479092677536585e+01 3.684223344108882373e-03 2.000000000000000000e+00
1.393619274224143467e+01 3.659807638014965676e-03 2.000000000000000000e+00
1.413025990599533621e+01 3.597026294276710334e-03 2.000000000000000000e+00
1.432702953409829405e+01 3.553586546047623421e-03 2.000000000000000000e+00
1.452653925946781222e+01 3.491799386445595434e-03 2.000000000000000000e+00
1.472882723907501834e+01 3.474381225167880779e-03 2.000000000000000000e+00
1.493393216124253264e+01 3.445443021228426859e-03 2.000000000000000000e+00
1.514189325304351996e+01 3.370918834883115424e-03 2.000000000000000000e+00
1.535275028780421103e+01 3.287915560109685824e-03 2.000000000000000000e+00
1.556654359271061949e+01 3.695657240981956807e-03 2.000000000000000000e+00
1.578331405652116537e+01 3.255868423493937704e-03 2.000000000000000000e+00
1.600310313738701851e+01 4.065729299083039282e-03 2.000000000000000000e+00
1.622595287078087267e+01 3.127157692310316480e-03 2.000000000000000000e+00
1.645190587753660694e+01 3.086901921241102034e-03 2.000000000000000000e+00
1.668100537200059108e+01 4.415196411266238651e-03 2.000000000000000000e+00
1.691329517029647178e+01 3.455530834719516657e-03 2.000000000000000000e+00
1.714881969870540956e+01 2.966356719356639648e-03 2.000000000000000000e+00
1.738762400216250370e+01 2.926820763063079853e-03 2.000000000000000000e+00
1.762975375287203761e+01 2.891465941416532584e-03 2.000000000000000000e+00
1.787525525904235479e+01 5.714746623052342940e-03 1.000000000000000000e+00
1.812417547374235838e+01 2.798889585592693411e-03 2.000000000000000000e+00
1.837656200388172323e+01 4.898785548143136034e-03 2.000000000000000000e+00
1.863246311931559873e+01 5.470333492842408343e-03 1.000000000000000000e+00
1.889192776207664437e+01 5.417249198657657014e-03 1.000000000000000000e+00
1.915500555573527919e+01 5.339590228018505948e-03 1.000000000000000000e+00
1.942174681489024479e+01 5.256961492827979913e-03 1.000000000000000000e+00
1.969220255479173431e+01 2.954561865979985283e-03 2.000000000000000000e+00
1.996642450109793288e+01 5.120478351321991820e-03 1.000000000000000000e+00
2.024446509976801778e+01 5.021624368276320603e-03 1.000000000000000000e+00
2.052637752709252084e+01 4.976430972890055413e-03 1.000000000000000000e+00
2.081221569986337272e+01 4.958361105587691907e-03 1.000000000000000000e+00
2.110203428568596706e+01 4.797274164850341520e-03 1.000000000000000000e+00
2.139588871343421417e+01 4.821771411520317692e-03 1.000000000000000000e+00
2.169383518385182086e+01 4.748508816374112651e-03 1.000000000000000000e+00
2.199593068030074861e+01 4.612003916365185925e-03 1.000000000000000000e+00
2.230223297965936169e+01 4.591051070122709361e-03 1.000000000000000000e+00
2.261280066337279493e+01 4.550231003603201138e-03 1.000000000000000000e+00
2.292769312865648601e+01 4.429891187222720871e-03 1.000000000000000000e+00
2.324697059985650327e+01 4.429009682721507177e-03 1.000000000000000000e+00
2.357069413996727647e+01 4.342520045918728776e-03 1.000000000000000000e+00
2.389892566231047866e+01 4.286795993779891206e-03 1.000000000000000000e+00
2.423172794237600769e+01 4.222024078286214753e-03 1.000000000000000000e+00
2.456916462982790250e+01 4.160658802346142889e-03 1.000000000000000000e+00
2.491130026067791192e+01 4.142986579152752209e-03 1.000000000000000000e+00
2.525820026962784581e+01 3.986132630608374416e-03 1.000000000000000000e+00
2.560993100258456678e+01 3.964536827638098088e-03 1.000000000000000000e+00
2.596655972934872381e+01 3.937037962462856810e-03 1.000000000000000000e+00
2.632815465648020137e+01 3.834276584477164761e-03 1.000000000000000000e+00
2.669478494034323646e+01 3.887374867264931175e-03 1.000000000000000000e+00
2.706652070033241131e+01 3.789369875749040890e-03 1.000000000000000000e+00
2.744343303228362529e+01 3.741481039913643631e-03 1.000000000000000000e+00
2.782559402207125743e+01 3.634983210997777461e-03 1.000000000000000000e+00
2.821307675939470627e+01 3.588956261159408686e-03 1.000000000000000000e+00
2.860595535175744786e+01 3.604301267655653142e-03 1.000000000000000000e+00
2.900430493863991543e+01 3.522937798371063561e-03 1.000000000000000000e+00
2.940820170587060645e+01 4.930513668811611211e-03 1.000000000000000000e+00
2.981772290019673477e+01 3.409088879245607100e-03 1.000000000000000000e+00
3.023294684405776422e+01 3.412891836643708234e-03 1.000000000000000000e+00
3.065395295056529790e+01 3.347549736559739860e-03 1.000000000000000000e+00
3.108082173869063780e+01 3.769768505717357911e-03 1.000000000000000000e+00
3.151363484866476128e+01 3.198321229010606115e-03 1.000000000000000000e+00
3.195247505759213524e+01 4.718903771692279508e-03 1.000000000000000000e+00
3.239742629528195295e+01 3.168054523908872024e-03 1.000000000000000000e+00
3.284857366030046677e+01 3.114858074525672389e-03 1.000000000000000000e+00
3.330600343624588788e+01 4.245883360692157341e-03 1.000000000000000000e+00
3.376980310825087628e+01 2.995123722860126066e-03 1.000000000000000000e+00
3.424006137971425545e+01 5.935031553255244903e-03 0.000000000000000000e+00
3.471686818926559681e+01 2.940446047948135685e-03 1.000000000000000000e+00
3.520031472796682692e+01 3.279142051511651796e-03 1.000000000000000000e+00
3.569049345675229290e+01 4.610359940768048170e-03 1.000000000000000000e+00
3.618749812411276423e+01 5.420080951737625205e-03 1.000000000000000000e+00
3.669142378402494131e+01 3.938094923251940667e-03 1.000000000000000000e+00
3.720236681413065583e+01 5.064850983780857206e-03 1.000000000000000000e+00
3.772042493417001197e+01 5.430485786657284104e-03 0.000000000000000000e+00
3.824569722466998911e+01 3.600007088093637973e-03 1.000000000000000000e+00
3.877828414589453132e+01 5.304420325605179766e-03 0.000000000000000000e+00
3.931828755705770106e+01 5.145632712395002174e-03 0.000000000000000000e+00
3.986581073580438783e+01 4.009744640182556254e-03 1.000000000000000000e+00
4.042095839796309775e+01 5.032458108312626299e-03 0.000000000000000000e+00
4.098383671757261482e+01 5.008391951508111076e-03 0.000000000000000000e+00
4.155455334718870830e+01 4.884948096010528588e-03 0.000000000000000000e+00
4.213321743847289014e+01 4.852566632186845405e-03 0.000000000000000000e+00
4.271993966306776969e+01 4.738331688680411449e-03 0.000000000000000000e+00
4.331483223376402947e+01 4.677693036784860876e-03 0.000000000000000000e+00
4.391800892596086214e+01 4.630160351044601726e-03 0.000000000000000000e+00
4.452958509942650522e+01 4.536690055121980238e-03 0.000000000000000000e+00
4.514967772036101934e+01 4.579004958707284800e-03 0.000000000000000000e+00
4.577840538376616308e+01 4.493788985535745323e-03 0.000000000000000000e+00
4.641588833612782139e+01 4.380860541600053309e-03 0.000000000000000000e+00
4.706224849841281355e+01 4.343460097151123460e-03 0.000000000000000000e+00
4.771760948938740654e+01 4.285869939988219517e-03 0.000000000000000000e+00
4.838209664925957298e+01 4.173458855760428347e-03 0.000000000000000000e+00
4.905583706365045771e+01 4.182088609870184340e-03 0.000000000000000000e+00
4.973895958790068050e+01 4.111802123807485436e-03 0.000000000000000000e+00
5.043159487171358535e+01 4.093075232546364815e-03 0.000000000000000000e+00
5.113387538414320943e+01 4.027964220817917100e-03 0.000000000000000000e+00
5.184593543892913203e+01 3.924506809466380558e-03 0.000000000000000000e+00
5.256791122018419316e+01 3.892623143156099391e-03 0.000000000000000000e+00
5.329994080844092963e+01 3.823844068020523963e-03 0.000000000000000000e+00
5.404216420705915169e+01 3.769570522282425507e-03 0.000000000000000000e+00
5.479472336900281704e+01 3.751259320295999202e-03 0.000000000000000000e+00
5.555776222398877451e+01 3.678388111990199549e-03 0.000000000000000000e+00
5.633142670601351654e+01 3.602813963912186029e-03 0.000000000000000000e+00
5.711586478126434940e+01 3.559360243662723373e-03 0.000000000000000000e+00
5.791122647641758192e+01 3.523358714299262406e-03 0.000000000000000000e+00
5.871766390733249352e+01 3.498464600958486707e-03 0.000000000000000000e+00
5.953533130814370367e+01 3.392269844359728677e-03 0.000000000000000000e+00
6.036438506075863586e+01 3.346868659501191744e-03 0.000000000000000000e+00
6.120498372476702542e+01 3.382876207566333417e-03 0.000000000000000000e+00
6.205728806776500761e+01 3.316064855243403518e-03 0.000000000000000000e+00
6.292146109610337845e+01 4.852641956303823008e-03 0.000000000000000000e+00
6.379766808606282069e+01 3.195727488526947831e-03 0.000000000000000000e+00
6.468607661546320742e+01 3.145296097198189283e-03 0.000000000000000000e+00
6.558685659571435167e+01 3.217315397672691323e-03 0.000000000000000000e+00
6.650018030431118632e+01 3.072687905479657561e-03 0.000000000000000000e+00
6.742622241778335024e+01 6.729339463543524726e-03 0.000000000000000000e+00
6.836516004510238531e+01 3.237366753208089417e-03 0.000000000000000000e+00
6.931717276155400498e+01 4.472295817103566495e-03 0.000000000000000000e+00
7.028244264308352740e+01 2.906605274861819976e-03 0.000000000000000000e+00
7.126115430111745752e+01 4.463785812152536690e-03 0.000000000000000000e+00
7.225349491787206091e+01 4.512278632200841799e-03 0.000000000000000000e+00
7.325965428215229736e+01 8.365783076357167017e-03 0.000000000000000000e+00
7.427982482564910072e+01 7.245716721628750814e-03 0.000000000000000000e+00
7.531420165974375891e+01 6.107930198081346594e-03 0.000000000000000000e+00
7.636298261282242095e+01 1.092096975569997741e-02 0.000000000000000000e+00
7.742636826811278183e+01 5.146928138144510854e-03 0.000000000000000000e+00
7.850456200204509116e+01 3.826290322459180004e-03 0.000000000000000000e+00
7.959777002314977778e+01 8.172685904602097068e-03 0.000000000000000000e+00
8.070620141149507276e+01 2.080094241477004405e-02 0.000000000000000000e+00
8.183006815867389605e+01 1.179943358971737369e-02 0.000000000000000000e+00
8.296958520834914452e+01 6.413792496529138742e-03 0.000000000000000000e+00
8.412497049736118981e+01 1.646320791384670718e-02 0.000000000000000000e+00
8.529644499741016261e+01 2.366138581494404980e-02 0.000000000000000000e+00
8.648423275731727244e+01 1.121958663250349070e-02 0.000000000000000000e+00
8.768856094587427208e+01 9.973580656057778535e-03 0.000000000000000000e+00
8.890965989529166791e+01 1.216932434384921692e-02 0.000000000000000000e+00
9.014776314524917211e+01 1.744617350423954480e-02 0.000000000000000000e+00
9.140310748756222381e+01 2.234979637711249911e-02 0.000000000000000000e+00
9.267593301146882823e+01 1.361285471810506735e-02 0.000000000000000000e+00
9.396648314954690306e+01 2.063758456360627325e-02 0.000000000000000000e+00
9.527500472427300338e+01 3.842857010444066662e-02 0.000000000000000000e+00
9.660174799522646083e+01 2.947856109333049646e-02 0.000000000000000000e+00
9.794696670695385876e+01 2.018162438982013668e-02 0.000000000000000000e+00
9.931091813749800679e+01 2.758934451485339431e-02 0.000000000000000000e+00
1.006938631476027126e+02 3.245868819691919566e-02 0.000000000000000000e+00
1.020960662306047624e+02 3.177096769899469958e-02 0.000000000000000000e+00
1.035177955630176285e+02 4.009570081494602534e-02 0.000000000000000000e+00
1.049593230558226651e+02 3.638243318632581463e-02 0.000000000000000000e+00
1.064209244064724658e+02 3.397518935742465523e-02 0.000000000000000000e+00
1.079028791516183645e+02 3.863352751655468875e-02 0.000000000000000000e+00
1.094054707205743568e+02 4.201614553913483180e-02 0.000000000000000000e+00
1.109289864895222735e+02 4.859084153529170252e-02 0.000000000000000000e+00
1.124737178364750747e+02 5.708360723293977312e-02 0.000000000000000000e+00
1.140399601970033103e+02 4.565141343443285260e-02 0.000000000000000000e+00
1.156280131207375348e+02 5.500464911924478340e-02 0.000000000000000000e+00
1.172381803286599791e+02 5.438430500613002094e-02 0.000000000000000000e+00
1.188707697711903251e+02 6.005423815057771286e-02 0.000000000000000000e+00
1.205260936870841419e+02 6.583341256158568855e-02 0.000000000000000000e+00
1.222044686631488730e+02 6.983931005166831019e-02 0.000000000000000000e+00
1.239062156947915696e+02 7.193055534005647622e-02 0.000000000000000000e+00
1.256316602474121424e+02 6.913304278258317059e-02 0.000000000000000000e+00
1.273811323186478432e+02 7.925704243248497816e-02 0.000000000000000000e+00
1.291549665014882748e+02 7.129294164452028293e-02 0.000000000000000000e+00
1.309535020482667562e+02 7.269141557211329652e-02 0.000000000000000000e+00
1.327770829355428930e+02 9.021477243026859716e-02 0.000000000000000000e+00
1.346260579298910898e+02 8.940093688939257377e-02 0.000000000000000000e+00
1.365007806546013853e+02 8.871413190295925066e-02 0.000000000000000000e+00
1.384016096573130028e+02 9.164382357916982247e-02 0.000000000000000000e+00
1.403289084785873229e+02 9.571629076025742200e-02 0.000000000000000000e+00
1.422830457214352009e+02 9.575497156553824940e-02 0.000000000000000000e+00
1.442643951218158804e+02 1.080572008160685382e-01 0.000000000000000000e+00
1.462733356201129880e+02 1.057019490937013001e-01 0.000000000000000000e+00
1.483102514336102900e+02 1.128579189886466938e-01 0.000000000000000000e+00
1.503755321299738341e+02 1.147745242222542872e-01 0.000000000000000000e+00
1.524695727017573006e+02 1.205620092876719535e-01 0.000000000000000000e+00
1.545927736419478435e+02 1.193395138768380687e-01 0.000000000000000000e+00
1.567455410205595001e+02 1.220307065554018106e-01 0.000000000000000000e+00
1.589282865622976431e+02 1.297900597455226013e-01 0.000000000000000000e+00
1.611414277253019804e+02 1.416352507107643544e-01 0.000000000000000000e+00
1.633853877809860364e+02 1.438007978667887599e-01 0.000000000000000000e+00
1.656605958949915305e+02 1.428511264296152827e-01 0.000000000000000000e+00
1.679674872092653288e+02 1.451249355165941390e-01 0.000000000000000000e+00
1.703065029252842635e+02 1.419612531186451032e-01 0.000000000000000000e+00
1.726780903884356064e+02 1.507223571343938584e-01 0.000000000000000000e+00
1.750827031735723267e+02 1.400815079529302287e-01 0.000000000000000000e+00
1.775208011717635941e+02 1.613661234298900127e-01 0.000000000000000000e+00
1.799928506782476347e+02 1.724770109321900058e-01 0.000000000000000000e+00
1.824993244816150479e+02 1.685873971132942628e-01 0.000000000000000000e+00
1.850407019542302010e+02 1.717969553892347567e-01 0.000000000000000000e+00
1.876174691439119613e+02 1.893496155226936650e-01 0.000000000000000000e+00
1.902301188668945713e+02 1.796166343492966444e-01 0.000000000000000000e+00
1.928791508020777599e+02 1.931229578021736171e-01 0.000000000000000000e+00
1.955650715865947120e+02 1.768439608073426039e-01 0.000000000000000000e+00
1.982883949127071332e+02 1.999928322229103661e-01 0.000000000000000000e+00
2.010496416260496915e+02 2.014609554874463859e-01 0.000000000000000000e+00
2.038493398252464317e+02 2.074626992693268945e-01 0.000000000000000000e+00
2.066880249629082016e+02 2.089161598403373732e-01 0.000000000000000000e+00
2.095662399480430906e+02 2.196089024632189857e-01 0.000000000000000000e+00
2.124845352498882960e+02 2.215092154972793936e-01 0.000000000000000000e+00
2.154434690031882269e+02 2.266009013701843489e-01 0.000000000000000000e+00
2.184436071149428358e+02 2.322637804710484533e-01 0.000000000000000000e+00
2.214855233726359245e+02 2.140631270488046467e-01 0.000000000000000000e+00
2.245697995539771625e+02 2.381660504999129069e-01 0.000000000000000000e+00
2.276970255381679920e+02 2.290880277397321085e-01 0.000000000000000000e+00
2.308677994187167428e+02 2.405479022805336875e-01 0.000000000000000000e+00
2.340827276178294198e+02 2.536643087389087725e-01 0.000000000000000000e+00
2.373424250023866193e+02 2.494712450568116469e-01 0.000000000000000000e+00
2.406475150015421605e+02 2.635680030420271547e-01 0.000000000000000000e+00
2.439986297259550270e+02 2.631482776982793093e-01 0.000000000000000000e+00
2.473964100886811650e+02 2.643129020001452334e-01 0.000000000000000000e+00
2.508415059277541275e+02 2.606120480644702475e-01 0.000000000000000000e+00
2.543345761304648249e+02 2.761220693198381815e-01 0.000000000000000000e+00
2.578762887593803725e+02 2.800704960427580215e-01 0.000000000000000000e+00
2.614673211801091952e+02 2.860828967992167238e-01 0.000000000000000000e+00
2.651083601908536025e+02 2.911715069975097103e-01 0.000000000000000000e+00
2.688001021537607471e+02 2.887214226485187996e-01 0.000000000000000000e+00
2.725432531281027764e+02 2.931625198718158520e-01 0.000000000000000000e+00
2.763385290053172412e+02 2.907468882301120772e-01 0.000000000000000000e+00
2.801866556459195294e+02 3.074595774872858067e-01 0.000000000000000000e+00
2.840883690183301269e+02 3.045433698978270431e-01 0.000000000000000000e+00
2.880444153396297793e+02 3.073338552924863021e-01 0.000000000000000000e+00
2.920555512182745019e+02 3.246538698572078996e-01 0.000000000000000000e+00
2.961225437988037470e+02 3.150330902343042583e-01 0.000000000000000000e+00
3.002461709085549160e+02 3.239922593603506429e-01 0.000000000000000000e+00
3.044272212064299765e+02 3.241945139805379461e-01 0.000000000000000000e+00
3.086664943337274281e+02 3.259649390060680441e-01 0.000000000000000000e+00
3.129648010670750296e+02 3.273990706297814079e-01 0.000000000000000000e+00
3.173229634734979641e+02 3.390277836737582429e-01 0.000000000000000000e+00
3.217418150676371624e+02 3.487693409250008925e-01 0.000000000000000000e+00
3.262222009711666715e+02 3.533015998688275316e-01 0.000000000000000000e+00
3.307649780744242776e+02 3.508468483804292326e-01 0.000000000000000000e+00
3.353710152002929021e+02 3.487002826296241587e-01 0.000000000000000000e+00
3.400411932703709681e+02 3.520672127094150450e-01 0.000000000000000000e+00
3.447764054734464025e+02 3.549230187556045579e-01 0.000000000000000000e+00
3.495775574363271403e+02 3.563778169530363304e-01 0.000000000000000000e+00
3.544455673970435328e+02 3.754334011496656132e-01 0.000000000000000000e+00
3.593813663804625662e+02 3.674712983775073605e-01 0.000000000000000000e+00
3.643858983763548167e+02 3.776905197339064379e-01 0.000000000000000000e+00
3.694601205199302285e+02 3.835226431420440951e-01 0.000000000000000000e+00
3.746050032748989338e+02 3.840880507790867537e-01 0.000000000000000000e+00
3.798215306190735987e+02 3.823375437039749913e-01 0.000000000000000000e+00
3.851107002325568942e+02 3.866247794740216293e-01 0.000000000000000000e+00
3.904735236885563836e+02 3.922393089334053062e-01 0.000000000000000000e+00
3.959110266468458690e+02 4.032030435046301542e-01 0.000000000000000000e+00
4.014242490499318023e+02 3.955656448903225875e-01 0.000000000000000000e+00
4.070142453219438607e+02 4.040237188166785898e-01 0.000000000000000000e+00
4.126820845702951601e+02 3.995174855778049761e-01 0.000000000000000000e+00
4.184288507901584353e+02 4.081588089788389939e-01 0.000000000000000000e+00
4.242556430717776834e+02 4.085407231335853040e-01 0.000000000000000000e+00
4.301635758106790490e+02 4.127595874106644303e-01 0.000000000000000000e+00
4.361537789208005620e+02 4.238974534039048891e-01 0.000000000000000000e+00
4.422273980505897271e+02 4.328375531177359181e-01 0.000000000000000000e+00
4.483855948021191011e+02 4.413463561298701099e-01 0.000000000000000000e+00
4.546295469532399238e+02 4.176552228760844754e-01 0.000000000000000000e+00
4.609604486828429231e+02 4.174245226063537650e-01 0.000000000000000000e+00
4.673795107992463613e+02 4.324020410682899995e-01 0.000000000000000000e+00
4.738879609717650965e+02 4.373796705140833296e-01 0.000000000000000000e+00
4.804870439655134078e+02 4.438582020400183570e-01 0.000000000000000000e+00
4.871780218794630741e+02 4.543993321797105134e-01 0.000000000000000000e+00
4.939621743878315669e+02 4.553134989644915254e-01 0.000000000000000000e+00
5.008407989848212196e+02 4.506153249673959804e-01 0.000000000000000000e+00
5.078152112327670693e+02 4.601071676579729375e-01 0.000000000000000000e+00
5.148867450137497599e+02 4.642210131748086277e-01 0.000000000000000000e+00
5.220567527846975509e+02 4.629514569559065040e-01 0.000000000000000000e+00
5.293266058360555917e+02 4.736598593701137339e-01 0.000000000000000000e+00
5.366976945540476436e+02 4.620733313324555946e-01 0.000000000000000000e+00
5.441714286865887971e+02 4.749138718367310608e-01 0.000000000000000000e+00
5.517492376129129070e+02 4.708088999021146082e-01 0.000000000000000000e+00
5.594325706169377099e+02 4.720903381511958874e-01 0.000000000000000000e+00
5.672228971644537978e+02 5.032262923979614611e-01 0.000000000000000000e+00
5.751217071841613233e+02 4.915822428440129177e-01 0.000000000000000000e+00
5.831305113526218520e+02 4.878263241942900619e-01 0.000000000000000000e+00
5.912508413831881171e+02 4.920272043740622214e-01 0.000000000000000000e+00
5.994842503189408944e+02 4.927233142449327086e-01 0.000000000000000000e+00
6.078323128297223548e+02 4.946856266835378269e-01 0.000000000000000000e+00
6.162966255132942024e+02 4.945397574421385722e-01 0.000000000000000000e+00
6.248788072006888115e+02 4.925000490613916093e-01 0.000000000000000000e+00
6.335804992658254378e+02 4.940729590262640802e-01 0.000000000000000000e+00
6.424033659394191318e+02 5.058485629682324403e-01 0.000000000000000000e+00
6.513490946272795554e+02 5.110904362631919495e-01 0.000000000000000000e+00
6.604193962330305112e+02 5.046646272387793619e-01 0.000000000000000000e+00
6.696160054853215797e+02 5.186784564060825664e-01 0.000000000000000000e+00
6.789406812696112183e+02 5.091973973221880501e-01 0.000000000000000000e+00
6.883952069645496294e+02 5.187109277359007731e-01 0.000000000000000000e+00
6.979813907830653079e+02 5.146113993348170323e-01 0.000000000000000000e+00
7.077010661181889191e+02 5.195799975832318118e-01 0.000000000000000000e+00
7.175560918936921553e+02 5.320726785121402402e-01 0.000000000000000000e+00
7.275483529196233121e+02 5.217766404621765330e-01 0.000000000000000000e+00
7.376797602527731215e+02 5.298168182639552137e-01 0.000000000000000000e+00
7.479522515621813454e+02 5.318561561635469781e-01 0.000000000000000000e+00
7.583677914997190328e+02 5.175691360598032587e-01 0.000000000000000000e+00
7.689283720758305662e+02 5.270992971998124110e-01 0.000000000000000000e+00
7.796360130405237214e+02 5.409316196854414560e-01 0.000000000000000000e+00
7.904927622696420713e+02 5.429411904961612967e-01 0.000000000000000000e+00
8.015006961565413803e+02 5.374419111132360261e-01 0.000000000000000000e+00
8.126619200091945459e+02 5.425879009087484217e-01 0.000000000000000000e+00
8.239785684528511638e+02 5.391411461066762945e-01 0.000000000000000000e+00
8.354528058382871905e+02 5.447728880275699570e-01 0.000000000000000000e+00
8.470868266557401967e+02 5.433523297130870011e-01 0.000000000000000000e+00
8.588828559546258248e+02 5.467941098858080107e-01 0.000000000000000000e+00
8.708431497690723972e+02 5.492336271745906773e-01 0.000000000000000000e+00
8.829699955494082815e+02 5.546765980935302043e-01 0.000000000000000000e+00
8.952657125996400964e+02 5.610471286156718529e-01 0.000000000000000000e+00
9.077326525210223735e+02 5.495802762185013624e-01 0.000000000000000000e+00
9.203731996618230369e+02 5.566610577581231345e-01 0.000000000000000000e+00
9.331897715733239238e+02 5.589992288604452852e-01 0.000000000000000000e+00
9.461848194721992513e+02 5.681615219785423054e-01 0.000000000000000000e+00
9.593608287093146600e+02 5.666162149876714516e-01 0.000000000000000000e+00
9.727203192450537017e+02 5.600775234350244824e-01 0.000000000000000000e+00
9.862658461312830696e+02 5.751087731138869730e-01 0.000000000000000000e+00
1.000000000000000000e+03 5.726820671192699441e-01 0.000000000000000000e+00
